-1.115440000000000181e-02
-2.442180000000000739e-02
-1.242480000000000147e-02
5.956999999999999622e-03
-2.552600000000000355e-03
-1.579400000000000118e-03
-1.740599999999999916e-03
-6.694200000000000844e-03
4.799200000000000861e-03
1.425400000000000061e-03
-1.323399999999999967e-03
2.860000000000000129e-04
2.176200000000000096e-03
1.286400000000000043e-03
-1.660800000000000470e-03
6.808199999999999495e-03
4.782000000000000768e-04
8.020600000000000993e-03
-1.014220000000000052e-02
7.187600000000000586e-03
-9.258000000000002339e-03
-3.471600000000000033e-03
-2.167999999999999788e-03
-4.018760000000001081e-02
7.976400000000001544e-03
-6.828200000000001282e-03
1.200000000000001047e-05
2.142340000000000216e-02
-2.739080000000000681e-02
-1.074540000000000217e-02
-1.174840000000000086e-02
-3.022400000000000173e-03
4.909000000000000169e-03
-5.754200000000000113e-03
-4.897000000000000311e-03
2.099800000000000277e-02
-9.144199999999999898e-03
-1.657960000000000336e-02
-1.411340000000000164e-02
3.950560000000000183e-02
-3.807599999999999960e-03
-2.203360000000000735e-02
-1.624800000000000029e-03
3.388400000000000179e-03
6.775599999999999679e-03
-1.192040000000000287e-02
1.159999999999999871e-04
2.111599999999999935e-03
-1.216460000000000111e-02
-4.643999999999999691e-03
-4.434000000000000441e-03
-5.548400000000001248e-02
1.200480000000000297e-02
-6.394200000000000925e-03
3.501660000000000883e-02
-7.393399999999999625e-03
-9.649800000000001779e-03
3.503599999999999944e-03
6.134000000000000563e-04
5.489599999999999862e-03
-9.106599999999999417e-03
2.186400000000000496e-02
-5.773000000000000353e-03
-7.517799999999999830e-03
-3.975800000000000688e-03
-2.087400000000000366e-02
-1.131999999999999977e-03
8.643000000000001376e-03
-3.732000000000000074e-03
-1.045520000000000130e-02
-4.868800000000001252e-03
7.044800000000000367e-03
3.503540000000000126e-02
2.180800000000000533e-03
-5.298399999999999985e-03
-6.405600000000000876e-03
8.096000000000000548e-04
-8.502000000000000659e-04
-2.089199999999999825e-03
5.148400000000000025e-03
-3.740000000000002139e-05
-5.680000000000000505e-05
-3.971200000000000251e-03
8.718599999999999961e-03
-2.494400000000000350e-03
-4.937800000000000002e-03
-3.639200000000000421e-03
-4.476600000000000718e-03
5.603400000000000568e-03
-4.939400000000000908e-03
3.352800000000000398e-03
3.470000000000000428e-03
1.857520000000000004e-02
1.203640000000000265e-02
3.477380000000000748e-02
9.505200000000000107e-03
2.716460000000000749e-02
-2.393720000000000570e-02
-8.489599999999999924e-03
1.334240000000000426e-02
