3.474999999999999790e-03
5.031799999999999468e-03
2.694920000000000648e-02
-3.616000000000000290e-03
1.497380000000000065e-02
2.128000000000000226e-04
2.801999999999999803e-04
-4.314200000000000673e-03
1.549999999999999729e-04
-3.486000000000000708e-04
-1.708440000000000306e-02
-1.951540000000000219e-02
-2.057360000000000438e-02
-2.935520000000000837e-02
-8.212200000000001096e-03
-3.302000000000000247e-03
2.059400000000000293e-03
3.768600000000000855e-03
-5.859880000000002725e-02
-1.869280000000000247e-02
9.133800000000000946e-03
-8.946199999999999639e-03
5.908400000000000284e-03
2.395999999999999964e-04
-1.100000000000000310e-04
1.364340000000000344e-02
-1.073880000000000147e-02
8.829999999999999308e-03
-8.089800000000001157e-03
1.571000000000000131e-03
2.478640000000000704e-02
5.056000000000000381e-04
6.155800000000000334e-03
-2.188500000000000514e-02
1.610399999999999896e-03
-2.035620000000000832e-02
-1.079520000000000132e-02
-4.159000000000000370e-03
1.324920000000000264e-02
-1.812440000000000231e-02
3.774700000000000971e-02
3.087200000000000014e-03
1.204800000000000228e-03
2.329600000000000247e-03
1.024260000000000101e-02
1.047480000000000112e-02
-1.032700000000000111e-02
-9.955600000000001948e-03
9.258600000000000510e-03
1.514460000000000285e-02
2.082099999999999923e-02
-2.651140000000000788e-02
2.786700000000000635e-02
-8.863799999999999804e-03
-1.425120000000000033e-02
5.696400000000000768e-03
-5.611199999999999348e-03
5.352180000000002214e-02
2.266320000000000487e-02
-1.061860000000000061e-02
1.591800000000000203e-03
3.233400000000000423e-03
-3.600599999999999808e-03
-8.490000000000000368e-04
-7.973999999999999751e-04
-2.844600000000000080e-03
4.763999999999999247e-04
4.818199999999999913e-03
1.228800000000000205e-02
-6.779999999999999460e-05
1.326800000000000158e-03
-2.637999999999999720e-03
1.725480000000000069e-02
3.672599999999999823e-03
8.079000000000002846e-03
-1.441200000000000120e-03
-1.361200000000000127e-03
1.770400000000000099e-02
-5.277200000000000987e-03
-2.563100000000000447e-02
-1.479400000000000289e-03
1.245540000000000015e-02
-1.511820000000000178e-02
-1.779719999999999913e-02
1.687600000000000038e-03
9.768000000000001074e-04
8.755600000000000535e-03
-1.795260000000000258e-02
5.278000000000000356e-04
-2.617199999999999648e-03
-3.463040000000000562e-02
2.809600000000000292e-02
2.967780000000000071e-02
2.068140000000000256e-02
6.020440000000001901e-02
5.377999999999999968e-03
3.937459999999999571e-02
-1.867799999999999756e-03
-9.672000000000000909e-04
-6.570600000000001960e-03
