-8.335999999999999877e-04
-6.388000000000000232e-04
-1.110800000000000112e-03
-1.206999999999999957e-03
-3.610000000000000470e-04
-9.202000000000001411e-04
-1.043199999999999987e-03
-6.548000000000000868e-04
-1.448199999999999965e-03
-5.776000000000000535e-04
-3.475999999999999923e-04
-1.965000000000000167e-03
-8.152000000000000825e-04
-5.925999999999999844e-04
-2.754000000000000263e-04
-8.614000000000001213e-04
-6.044000000000000544e-04
-8.258000000000001234e-04
-7.478000000000000706e-04
-8.599999999999999789e-04
-5.617999999999999947e-04
-7.734000000000000423e-04
-8.974000000000000206e-04
-1.562800000000000257e-03
-3.082000000000000104e-04
-1.305600000000000293e-03
-7.190000000000001295e-04
-6.538000000000000625e-04
-9.407999999999999913e-04
-7.762000000000000019e-04
-8.352000000000000266e-04
-1.013200000000000125e-03
-1.216800000000000303e-03
-4.740000000000000696e-05
-1.483600000000000283e-03
-7.351999999999999811e-04
-1.145399999999999977e-03
-8.759999999999999341e-04
-8.466000000000000868e-04
-1.085199999999999923e-03
-2.880000000000000073e-04
-7.160000000000000565e-04
-2.850000000000000428e-04
-5.678000000000000321e-04
-8.710000000000001378e-04
-7.868000000000000427e-04
-1.223200000000000242e-03
9.660000000000000346e-05
-3.356000000000000259e-04
-1.757000000000000098e-03
-8.200000000000000908e-04
-7.968000000000001774e-04
-1.192600000000000040e-03
-8.918000000000001013e-04
-5.230000000000000274e-04
-5.243999999999999530e-04
-8.930000000000000221e-04
-1.007000000000000083e-03
-1.526200000000000126e-03
-1.538600000000000211e-03
-5.490000000000000088e-04
-1.164200000000000000e-03
-7.072000000000000595e-04
-1.079600000000000221e-03
-4.856000000000000941e-04
-8.191999999999999629e-04
-7.736000000000000472e-04
-4.091999999999999717e-04
-4.768000000000000428e-04
-1.061199999999999991e-03
-8.864000000000000785e-04
-5.056000000000000381e-04
-5.730000000000000501e-04
-5.056000000000001465e-04
-5.568000000000000900e-04
-6.580000000000000562e-04
-6.728000000000000907e-04
-8.620000000000001359e-04
1.800000000000000113e-04
-5.822000000000000569e-04
-1.109200000000000073e-03
-9.174000000000000730e-04
-2.124600000000000360e-03
-8.464000000000000820e-04
-7.364000000000001187e-04
-9.594000000000001182e-04
-5.796000000000001021e-04
-6.398000000000000475e-04
-1.125200000000000028e-03
-8.504000000000001792e-04
-7.144000000000000176e-04
-7.468000000000000463e-04
-8.436000000000000139e-04
-1.170800000000000052e-03
-1.756200000000000079e-03
-8.637999999999999628e-04
-6.508000000000000980e-04
-9.374000000000000171e-04
-8.156000000000000923e-04
-7.818000000000000296e-04
