4.457999999999999940e-04
2.357799999999999740e-03
-6.236000000000000874e-04
-1.089200000000000021e-03
-2.834000000000000581e-04
-6.895999999999999569e-04
-1.968000000000000131e-04
-2.538000000000000434e-04
-4.832000000000000899e-04
-1.163799999999999991e-03
-8.422000000000000883e-04
-7.418000000000001416e-04
-1.758000000000000231e-03
-1.384200000000000144e-03
-9.808000000000002046e-04
-1.429000000000000149e-03
-1.969400000000000057e-03
-4.160000000000000828e-04
-5.299999999999999807e-04
-1.964800000000000487e-03
-2.470799999999999993e-03
5.192000000000000434e-04
4.046800000000000570e-03
-9.525999999999999529e-04
-1.296000000000000060e-03
-1.547399999999999991e-03
-1.265999999999999981e-03
-1.410800000000000031e-03
-1.453400000000000091e-03
-8.606000000000002103e-04
1.033599999999999753e-03
2.472000000000000456e-04
6.484000000000000397e-04
-4.887999999999999550e-04
-6.641999999999999901e-04
-2.177199999999999795e-03
1.023600000000000161e-03
-8.509999999999999769e-04
-1.398399999999999947e-03
-4.281999999999999999e-04
-1.231399999999999899e-03
-1.862200000000000270e-03
-3.090800000000000318e-03
-5.433999999999999811e-04
-1.690800000000000115e-03
-4.506000000000000023e-04
2.748000000000000117e-04
-1.572999999999999962e-03
2.812000000000000046e-04
-1.015200000000000173e-03
6.892000000000001641e-04
-7.775999999999999275e-04
-7.634000000000000161e-04
-4.024000000000000775e-04
-1.815599999999999896e-03
-7.956000000000001482e-04
-1.658599999999999875e-03
-1.034000000000000197e-03
-1.490400000000000232e-03
-8.999999999999999754e-04
-1.226000000000000256e-04
3.945999999999999963e-04
-5.156000000000000643e-04
1.803999999999999940e-04
1.320000000000000067e-05
2.682999999999999621e-03
3.904000000000000569e-04
2.318000000000000507e-04
-1.035799999999999915e-03
-6.304000000000001443e-04
-3.849799999999999577e-03
-9.382000000000001450e-04
-1.253999999999999906e-03
-1.957200000000000085e-03
-1.183999999999999940e-03
3.339999999999999870e-05
-1.014800000000000164e-03
-4.310000000000000680e-04
1.916400000000000178e-03
-1.013800000000000248e-03
-1.052000000000000417e-03
-3.040000000000001048e-05
-5.684000000000000467e-04
-1.195800000000000118e-03
-6.888000000000000459e-04
-7.330000000000001445e-04
-7.912000000000000413e-04
-1.025800000000000106e-03
-5.222000000000000079e-04
-3.058600000000000294e-03
-7.579999999999999932e-04
-1.267000000000000114e-03
-8.128000000000000242e-04
-6.650000000000000095e-04
-1.045400000000000149e-03
4.435999999999999947e-04
-4.184000000000000327e-04
-1.167800000000000088e-03
1.210000000000000138e-03
-1.202400000000000170e-03
