9.562000000000001488e-04
1.489700000000000225e-02
3.358799999999999893e-03
-7.514599999999999752e-03
-4.244599999999999415e-03
3.932499999999999885e-02
-2.043239999999999987e-02
-1.046040000000000164e-02
1.496000000000000368e-03
-1.246660000000000303e-02
7.956399999999998890e-03
-4.493800000000000919e-03
-7.160999999999999831e-03
-7.261400000000000320e-03
-1.211800000000000290e-03
-1.820000000000000328e-04
5.456599999999999819e-03
-5.218999999999999681e-03
-1.144120000000000380e-02
2.393399999999999955e-03
-3.436399999999999611e-03
-5.143600000000000776e-03
-1.478480000000000072e-02
6.063999999999999946e-03
-2.912860000000000449e-02
2.693400000000001002e-02
-3.544020000000000503e-02
-5.548920000000001629e-02
2.408420000000000352e-02
-4.640600000000000801e-03
2.221180000000000376e-02
-6.227200000000000443e-03
2.544660000000001018e-02
2.824799999999999707e-03
1.055540000000000124e-02
-8.268400000000000402e-03
9.414200000000002774e-03
-4.877999999999999849e-04
-8.415000000000000605e-03
8.987000000000001931e-03
-3.135620000000000768e-02
3.607999999999999662e-03
-8.199400000000000785e-03
-1.380000000000000150e-03
1.330680000000000057e-02
9.443800000000002193e-03
5.322000000000000342e-03
1.060800000000000111e-02
-6.709800000000001007e-03
7.250600000000000274e-03
9.369800000000001045e-03
2.709640000000000659e-02
1.989200000000000430e-03
-2.732200000000000947e-02
6.159000000000000412e-03
-2.656500000000000181e-02
-2.129840000000000552e-02
-1.369480000000000350e-02
-1.423380000000000305e-02
2.526820000000000802e-02
-8.343400000000002550e-03
3.934400000000000223e-03
-1.002380000000000111e-02
8.588200000000000695e-03
6.851399999999999678e-03
-4.295080000000000425e-02
8.636000000000001314e-03
1.617400000000000391e-03
-2.316800000000000456e-02
-1.160600000000000173e-02
4.123400000000000155e-03
8.360799999999999829e-03
-4.778600000000000035e-03
-1.091380000000000128e-02
2.928000000000000155e-04
-1.057920000000000214e-02
-5.676000000000000489e-03
-4.788600000000000495e-03
-1.325780000000000361e-02
-2.032560000000000269e-02
2.710399999999999962e-03
-5.857600000000001000e-03
-1.250920000000000330e-02
-1.862000000000000157e-03
5.199999999999996969e-05
-5.128600000000000519e-03
1.646380000000000413e-02
-1.737000000000000046e-03
-1.258520000000000125e-02
-9.836800000000001445e-03
-2.490000000000000026e-03
-7.634400000000001255e-03
1.154660000000000061e-02
-1.503380000000000168e-02
-9.748000000000000588e-04
2.702199999999999654e-03
2.048780000000000392e-02
-4.135800000000000240e-03
-1.691120000000000123e-02
-1.332220000000000106e-02
