-3.423799999999999847e-03
2.995460000000000483e-02
-2.382060000000000774e-02
3.805140000000000605e-02
6.894340000000001578e-02
-1.065520000000000182e-02
-3.963640000000000913e-02
-9.345400000000000235e-03
1.308600000000000258e-03
-8.909999999999999518e-03
1.979280000000000275e-02
-9.607800000000001409e-03
5.713400000000001290e-03
-5.849800000000000486e-03
-2.129680000000000115e-02
-1.727520000000000444e-02
-4.186400000000000711e-03
1.105300000000000032e-02
4.114880000000000621e-02
7.798400000000000470e-03
1.721600000000000213e-03
1.349940000000000341e-02
-8.595999999999999691e-04
8.970400000000001636e-03
-3.666800000000000441e-03
7.920200000000000504e-03
3.666000000000000205e-04
1.005800000000000053e-03
-7.274000000000001168e-04
9.685600000000002541e-03
-4.874400000000000087e-03
2.243940000000000518e-02
4.441200000000000182e-03
-4.019860000000000794e-02
-1.197379999999999972e-02
-1.690000000000000421e-04
4.484120000000000467e-02
5.402420000000002220e-02
-1.356420000000000195e-02
1.134060000000000103e-02
1.160540000000000183e-02
2.406680000000000624e-02
2.644120000000000498e-02
-3.963200000000000923e-03
1.224100000000000188e-02
1.052200000000000184e-02
2.535960000000000644e-02
-2.541600000000000196e-03
4.929199999999999901e-03
-2.263199999999999934e-03
-6.193600000000000494e-03
6.894200000000000501e-03
-1.367499999999999966e-02
-2.765600000000000436e-03
1.669999999999999827e-03
-2.886600000000000450e-03
-3.394800000000000768e-03
-6.826200000000000150e-03
-1.715800000000000181e-03
1.894800000000000087e-03
1.246440000000000395e-02
-3.853760000000000518e-02
3.436520000000000546e-02
1.599140000000000283e-02
1.918200000000000113e-02
-1.649040000000000228e-02
-5.124140000000002027e-02
-8.279400000000000995e-03
-2.342200000000000011e-03
-2.204200000000000343e-03
6.235200000000000638e-03
5.905200000000001073e-03
-3.034600000000000491e-02
1.393680000000000266e-02
-1.189680000000000251e-02
9.827400000000001759e-03
1.596999999999999895e-03
-4.415860000000000618e-02
-3.751200000000000107e-03
-1.073320000000000177e-02
-3.895500000000000351e-02
2.097600000000000159e-02
3.807800000000000941e-03
3.592000000000000141e-03
6.917400000000000632e-03
6.593800000000000355e-03
2.659200000000000452e-03
2.424000000000000373e-03
-9.819400000000002432e-03
1.162120000000000167e-02
-3.641399999999999932e-03
-6.520000000000000188e-04
-3.043200000000000245e-03
2.813599999999999868e-03
6.214200000000001320e-03
7.032200000000000603e-03
-1.621200000000000072e-02
8.712600000000000899e-03
1.549260000000000220e-02
-3.507760000000000739e-02
