-3.589559999999999279e-02
7.410159999999998970e-03
8.182296000000001401e-02
8.543712000000000528e-02
8.688936000000001270e-02
8.216712000000001015e-02
8.314175999999999511e-02
-2.147368000000000193e-02
5.836319999999999876e-03
1.293728000000000065e-02
-4.457440000000000013e-03
1.529448000000000092e-02
-1.198023999999999964e-02
4.550000000000000225e-03
2.216312000000000490e-02
9.833039999999999489e-03
-5.941280000000000172e-03
3.082720000000000599e-03
-3.645840000000000452e-03
-1.433976000000000174e-02
5.937360000000000033e-03
1.919440000000000035e-02
3.455599999999999644e-03
1.999840000000000558e-03
-2.103783999999999862e-02
7.747759999999999370e-03
-8.028800000000000650e-04
3.644984000000000418e-02
-3.178527999999999909e-02
2.737920000000000024e-03
1.741919999999999927e-02
-3.371504000000000167e-02
-4.320192000000000476e-02
8.628799999999998971e-03
-8.159280000000001393e-03
-8.762480000000003044e-03
-1.053096000000000240e-02
-1.421664000000000087e-02
-4.042719999999999647e-03
5.997600000000000717e-04
1.478472000000000119e-02
-2.907528000000000196e-02
1.074080000000000260e-03
9.314399999999999590e-04
-1.008648000000000010e-02
1.389864000000000030e-02
-9.720800000000001662e-03
-6.767999999999992121e-05
1.406408000000000137e-02
7.928720000000000212e-02
-2.455520000000000272e-02
8.163519999999999111e-02
4.120951999999999948e-02
-4.978239999999999228e-03
-7.733359999999999020e-03
-5.280320000000000673e-03
3.763200000000000399e-03
4.350960000000000938e-03
1.813600000000000119e-04
-5.595839999999999495e-03
3.854880000000000199e-03
7.351999999999999811e-04
-3.792103999999999614e-02
-2.609760000000000031e-03
-4.015184000000000114e-02
2.177312000000000344e-02
-4.246879999999999752e-03
-2.866400000000000284e-03
6.760000000000001251e-03
-6.809919999999999689e-03
-1.506088000000000392e-02
-9.089679999999999288e-03
7.003440000000000533e-03
-9.655200000000000934e-04
9.948959999999999748e-03
6.854800000000000303e-03
-2.864672000000000399e-02
7.872920000000001306e-02
-3.020040000000000224e-02
-4.090320000000000587e-03
1.700768000000000071e-02
-2.248960000000000369e-03
8.013599999999999847e-04
-2.766559999999999939e-03
-6.371200000000000257e-04
-6.558960000000000831e-03
-1.039288000000000017e-02
6.553440000000000654e-03
2.707760000000000028e-03
-1.223759999999999952e-03
9.461760000000001350e-03
4.434480000000001060e-03
6.825600000000000243e-04
-3.480400000000000247e-03
-8.182560000000000180e-03
1.601951999999999890e-02
-2.558816000000000215e-02
3.857600000000000742e-04
6.686400000000000763e-04
2.073640000000000205e-02
