-7.624000000000001002e-04
-7.272000000000000035e-04
-7.370000000000001333e-04
-5.354000000000000035e-04
-1.140600000000000077e-03
-6.030000000000000204e-04
-6.022000000000001093e-04
-6.338000000000001185e-04
2.640000000000000745e-04
-1.614600000000000106e-03
-1.069000000000000072e-03
-1.046400000000000281e-03
-1.029999999999999964e-04
-3.532000000000000200e-04
-6.308000000000000456e-04
-1.131000000000000061e-03
-8.582000000000000435e-04
-9.688000000000000214e-04
-7.378000000000000443e-04
-1.142400000000000230e-03
-7.084000000000000886e-04
-6.997999999999999880e-04
-6.694000000000000080e-04
-8.676000000000000552e-04
-8.003999999999999396e-04
-7.960000000000000495e-04
-3.568000000000000533e-04
-5.383999999999999680e-04
-1.762800000000000348e-03
-1.048000000000000103e-03
-8.006000000000000529e-04
-1.004000000000000118e-03
-1.804600000000000388e-03
-1.271200000000000108e-03
-8.547999999999999609e-04
-9.440000000000001775e-04
-4.237999999999999472e-04
-5.930000000000001025e-04
-7.590000000000001260e-04
-7.816000000000000248e-04
-6.662000000000000387e-04
-1.156000000000000126e-03
-8.748000000000001218e-04
-8.146000000000000680e-04
-6.064000000000001030e-04
-8.458000000000000674e-04
1.142000000000000111e-04
-1.001800000000000173e-03
-1.013199999999999908e-03
-7.444000000000000963e-04
-6.880000000000000265e-04
-6.900000000000000751e-04
-8.424000000000000932e-04
-7.135999999999999982e-04
-3.423999999999999743e-04
-1.199399999999999989e-03
-1.809200000000000174e-03
-8.473999999999999979e-04
-8.227999999999999420e-04
-8.897999999999999443e-04
-6.424000000000000023e-04
-6.114000000000000077e-04
-4.139999999999999800e-04
-1.734600000000000421e-03
-5.180000000000000143e-04
-8.716000000000001524e-04
-1.508400000000000019e-03
-1.906600000000000265e-03
-5.190000000000000386e-04
-7.390000000000000735e-04
-7.157999999999999433e-04
-1.149800000000000084e-03
-1.173400000000000224e-03
-1.601800000000000012e-03
-8.226000000000000456e-04
-1.012800000000000115e-03
-4.698000000000000353e-04
-1.007599999999999989e-03
-8.756000000000002496e-04
-7.960000000000000495e-04
-7.420000000000000380e-04
-3.587999999999999935e-04
-7.060000000000000303e-04
7.780000000000000457e-04
-1.076800000000000153e-03
-9.110000000000001343e-04
-1.085200000000000140e-03
-2.831999999999999990e-04
-7.984000000000001079e-04
-4.979999999999999618e-04
-7.856000000000000136e-04
-5.006000000000000250e-04
-2.431800000000000454e-03
-7.986000000000001127e-04
6.284000000000000957e-04
-8.446000000000001466e-04
-8.690000000000000892e-04
-1.359200000000000295e-03
-1.099600000000000273e-03
-9.036000000000001713e-04
