2.495592000000000296e-02
8.706400000000002158e-04
8.430639999999999662e-03
3.067519999999999969e-02
-9.762800000000002032e-03
1.532688000000000279e-02
-1.768000000000000040e-03
2.172000000000000319e-02
1.301712000000000008e-02
2.261559999999999612e-02
5.713760000000000887e-03
-2.750240000000000150e-03
5.959680000000001053e-03
-1.719920000000000216e-03
-4.458960000000000527e-03
1.075480000000000012e-02
2.031624000000000277e-02
-2.492192000000000018e-02
-3.167679999999999975e-03
1.351680000000000069e-02
-5.688520000000001076e-02
-3.767679999999999814e-03
1.934080000000000131e-03
4.175440000000000748e-03
3.392560000000000194e-03
-1.825272000000000006e-02
-6.033919999999999909e-03
-1.854464000000000112e-02
-2.076960000000000525e-03
1.353279999999999891e-03
8.685520000000000393e-03
4.679200000000000872e-04
-8.687279999999998614e-03
-9.087200000000001223e-04
-2.243200000000000315e-03
2.301824000000000231e-02
2.883199999999999825e-03
-1.440832000000000050e-02
1.355040000000000237e-02
-4.222560000000001069e-03
-7.303440000000000452e-03
-7.236000000000000244e-04
-2.231096000000000121e-02
1.479704000000000089e-02
9.512479999999998506e-03
-7.081040000000000251e-03
8.951680000000001788e-03
2.753568000000000335e-02
-1.106399999999999842e-04
-1.946160000000000164e-03
-1.189599999999999994e-04
-5.807120000000000684e-03
-6.294079999999999640e-03
7.917679999999999857e-03
5.553199999999999456e-03
-6.757439999999999974e-03
9.262959999999998903e-03
-7.240319999999999742e-03
-3.877999999999999937e-03
-6.279920000000000467e-03
-4.714240000000000617e-03
9.112880000000000286e-03
6.422399999999999984e-03
-8.594400000000000520e-04
1.563768000000000102e-02
-2.357600000000000060e-04
1.224320000000000096e-03
-1.117064000000000078e-02
-2.368159999999999796e-03
1.118000000000000070e-03
-9.264000000000001400e-03
1.735768000000000033e-02
-3.613920000000000066e-03
-1.850560000000000009e-03
-2.096720000000000268e-03
-3.036616000000000315e-02
2.497520000000000035e-03
-9.686160000000000950e-03
3.895200000000000789e-04
-1.663439999999999971e-03
-7.132639999999999120e-03
-1.951040000000000023e-03
-1.402680000000000246e-02
-2.515600000000000214e-03
-6.258400000000000117e-04
8.256400000000000544e-03
5.169840000000001067e-03
1.890400000000000197e-04
-3.589599999999999649e-04
-9.828159999999998980e-03
6.826800000000000056e-03
4.530800000000000625e-03
2.052000000000000547e-04
-1.228656000000000019e-02
-2.153135999999999939e-02
2.545280000000000025e-03
1.277439999999999912e-03
-7.693600000000000959e-03
-4.461520000000000069e-03
-5.357520000000000164e-03
