-6.383999999999999050e-04
-1.122000000000000167e-04
-6.160000000000000111e-04
-4.270000000000000249e-04
-7.420000000000000380e-04
-2.430000000000000248e-04
1.050000000000000044e-04
-1.358800000000000069e-03
-7.858000000000000184e-04
-4.450000000000000288e-04
-8.972000000000001241e-04
-7.628000000000000015e-04
-1.053600000000000239e-03
-3.436000000000000035e-04
-8.117999999999999999e-04
-4.451999999999999794e-04
-8.951999999999999671e-04
-1.065600000000000097e-03
-1.290000000000000131e-03
-9.282000000000000103e-04
-1.066400000000000117e-03
-7.674000000000000049e-04
-1.973799999999999947e-03
-1.421200000000000067e-03
-1.297600000000000316e-03
2.234000000000000363e-04
-1.228600000000000048e-03
-4.030000000000000379e-04
-9.140000000000000988e-04
-8.930000000000001305e-04
-6.760000000000001685e-04
-1.118200000000000183e-03
-1.156800000000000146e-03
-6.390000000000000280e-04
-6.685999999999999886e-04
-3.524000000000000548e-04
-1.022200000000000235e-03
-2.880000000000000073e-04
-6.350000000000001477e-04
-9.190000000000001119e-04
-7.062000000000001436e-04
-9.050000000000000969e-04
-6.032000000000000252e-04
-9.664000000000001799e-04
-9.018000000000000191e-04
-7.662000000000000841e-04
-8.104000000000000743e-04
-1.051199999999999964e-03
-9.387999999999999427e-04
-5.702000000000000905e-04
-7.220000000000000940e-04
-8.364000000000000557e-04
-6.149999999999999868e-04
-7.432000000000000672e-04
-1.160999999999999923e-03
-7.422000000000000429e-04
-1.230200000000000304e-03
-9.782000000000002499e-04
-6.934000000000001577e-04
-7.342000000000001737e-04
-7.529999999999999801e-04
-1.008600000000000121e-03
-1.143400000000000145e-03
-9.400000000000000803e-04
-3.510000000000000208e-04
-7.218000000000000891e-04
-7.712000000000002057e-04
-4.988000000000000897e-04
-7.030000000000000658e-04
-7.212000000000000745e-04
-1.116200000000000135e-03
-1.255400000000000483e-03
-6.224000000000000582e-04
-7.664000000000000890e-04
-6.318000000000000699e-04
-4.840000000000000552e-04
-1.075800000000000020e-03
-7.900000000000000121e-04
-1.462200000000000088e-03
-6.672000000000000630e-04
-1.049600000000000142e-03
-3.756000000000000224e-04
-1.105799999999999882e-03
-9.004000000000000935e-04
-7.376000000000000395e-04
-7.628000000000000015e-04
-6.095999999999999639e-04
2.814000000000000637e-04
-9.863999999999999071e-04
-2.320000000000000285e-04
-8.120000000000001132e-04
-4.752000000000000581e-04
-1.254400000000000133e-03
-5.840000000000001006e-04
-6.713999999999999482e-04
-7.217999999999999807e-04
-6.540000000000000674e-04
-9.754000000000001818e-04
-7.182000000000000016e-04
-3.027999999999999876e-04
