-1.197000000000000147e-03
-9.992000000000000014e-04
-9.156000000000000293e-04
-8.886000000000001319e-04
-7.324000000000000215e-04
-1.906000000000000250e-04
-2.594000000000000168e-04
-8.654000000000002185e-04
1.319400000000000087e-03
-6.748000000000001393e-04
-7.464000000000000365e-04
-1.476399999999999891e-03
2.098000000000000310e-04
-1.860000000000000826e-05
-2.394000000000000294e-03
-9.008000000000001032e-04
-3.491200000000000726e-03
-1.226200000000000206e-03
-6.846000000000000522e-04
-4.074000000000000906e-04
6.640000000000000936e-04
3.706000000000000635e-04
-5.052000000000001368e-04
2.788200000000000227e-03
-3.064400000000000544e-03
-1.727200000000000133e-03
-8.060000000000000758e-04
-1.842000000000000321e-04
-3.804200000000000203e-03
-8.248000000000000990e-04
7.900000000000000934e-05
-1.727800000000000256e-03
-2.064800000000000316e-03
-2.556000000000000329e-04
-9.036000000000001713e-04
-3.384000000000000397e-04
-4.532000000000000113e-04
-1.055200000000000062e-03
6.716000000000000615e-04
-1.468400000000000130e-03
-4.041999999999999586e-04
-6.748000000000000309e-04
1.210999999999999837e-03
-2.565200000000000553e-03
-8.383999999999999959e-04
-2.541600000000000196e-03
-7.461999999999999232e-04
-8.467999999999999833e-04
-1.227600000000000349e-03
-2.884000000000000170e-04
-5.032000000000000882e-04
-8.730000000000000780e-04
2.272000000000000148e-03
-1.334400000000000126e-03
1.732000000000000087e-04
-1.186600000000000111e-03
-3.998000000000001227e-04
-9.734000000000000248e-04
-7.132000000000000969e-04
-1.045799999999999941e-03
-2.740000000000000465e-04
-3.266600000000000580e-03
-2.403200000000000301e-03
-1.828000000000000252e-04
-2.864800000000000246e-03
-1.057600000000000337e-03
-6.946000000000000785e-04
-1.390399999999999969e-03
-1.696400000000000251e-03
-9.206000000000001508e-04
-4.580000000000000195e-04
-4.508000000000000071e-04
-6.352000000000000441e-04
-7.916000000000000510e-04
-2.996000000000000182e-04
-1.507000000000000310e-03
-6.032000000000001336e-04
-6.826000000000000036e-04
-1.389400000000000270e-03
-5.888000000000001089e-04
-1.289199999999999895e-03
7.262000000000000876e-04
-8.390000000000000105e-04
-1.168200000000000098e-03
-2.533999999999999794e-04
1.708000000000000317e-04
-3.072599999999999984e-03
9.038000000000000677e-04
-9.028000000000000434e-04
-1.362400000000000156e-03
-2.247199999999999979e-03
-4.644000000000000124e-04
-7.376000000000001479e-04
-6.859999999999999779e-04
-1.513000000000000022e-03
-4.528000000000000557e-04
2.165600000000000597e-03
-1.124000000000000216e-03
-2.179200000000000061e-03
5.320000000000000564e-05
