1.132600000000000100e-02
-1.648784000000000013e-02
2.655280000000000140e-02
4.661919999999999953e-03
-1.261800000000000074e-02
-1.867520000000000117e-03
-7.013119999999999424e-03
1.346624000000000258e-02
2.067872000000000460e-02
1.626359999999999958e-02
-1.198559999999999990e-03
4.049120000000000670e-03
-2.008320000000000070e-03
-7.923200000000000034e-04
2.930480000000000064e-03
1.938824000000000103e-02
-2.478720000000000229e-03
7.822400000000000186e-04
2.982320000000000110e-03
-6.058720000000000078e-03
9.965600000000000673e-04
1.121840000000000033e-03
1.708480000000000068e-03
5.553839999999999992e-03
-5.390800000000000279e-03
-8.468080000000001092e-03
-1.197600000000000053e-03
3.460640000000000070e-03
-7.096800000000001848e-04
-1.710399999999999887e-04
-1.631040000000000051e-03
9.140000000000000988e-04
1.380880000000000128e-03
-5.974319999999999978e-03
2.775760000000000380e-03
-2.837360000000000142e-03
1.530832000000000026e-02
-1.464000000000000078e-04
1.172639999999999967e-02
9.789600000000000732e-03
1.487520000000000205e-03
3.984480000000000313e-03
-4.617040000000000206e-03
4.075999999999999871e-04
1.649759999999999898e-03
-5.033360000000000611e-03
7.167199999999999439e-03
-4.064879999999999882e-03
5.121679999999999115e-03
2.306800000000000343e-03
-1.104920000000000208e-02
5.705120000000000156e-03
-8.841040000000001398e-03
-7.520320000000001344e-03
1.971919999999999923e-02
-1.059384000000000020e-02
2.163520000000000026e-02
9.026560000000001180e-03
-1.386400000000000143e-04
3.233839999999999978e-03
-3.951119999999999806e-03
-2.297760000000000254e-03
-9.694159999999998542e-03
1.443151999999999976e-02
9.136719999999999217e-03
-9.915760000000000893e-03
2.219696000000000169e-02
2.434879999999999944e-03
2.457440000000000405e-03
-7.223279999999999458e-03
-1.605984000000000231e-02
-1.361208000000000383e-02
5.164720000000000248e-03
-2.046399999999999652e-04
-4.268880000000000070e-03
1.103999999999999865e-04
-3.516159999999999945e-03
-6.694399999999999873e-04
-3.180000000000000318e-04
1.105440000000000068e-03
3.677199999999999826e-03
4.285760000000000437e-03
-1.226024000000000037e-02
4.906400000000000865e-04
-1.764720000000000221e-03
-8.472800000000001684e-04
-1.858704000000000259e-02
-1.345119999999999996e-03
1.766968000000000011e-02
6.251200000000000159e-03
-3.472799999999999954e-04
3.515120000000000484e-03
1.191288000000000069e-02
-3.245360000000000085e-03
7.484560000000000345e-03
-4.920640000000000430e-03
1.313040000000000127e-03
-5.295279999999999432e-03
-4.722856000000000276e-02
-8.915359999999998911e-03
