5.997599999999999633e-03
-2.468032000000000212e-02
6.618560000000000762e-03
1.464511999999999932e-02
-7.307120000000000282e-03
2.486720000000000423e-03
7.066960000000000602e-03
2.633359999999999954e-03
6.449360000000000336e-03
4.890480000000000868e-03
5.662079999999999891e-03
-5.372639999999999708e-03
-1.947759999999999986e-03
-2.021215999999999985e-02
5.964400000000000777e-03
5.906800000000000245e-03
-1.023327999999999911e-02
-1.583704000000000015e-02
1.986288000000000289e-02
8.294799999999999743e-03
-8.757440000000000016e-03
2.124800000000000039e-03
1.382640000000000084e-03
-8.130719999999999267e-03
5.129600000000001303e-04
3.865680000000000244e-03
-5.031840000000000097e-03
3.643104000000000481e-02
-3.028520000000000170e-02
-3.730960000000000179e-03
-4.028400000000000557e-03
-9.540800000000000539e-04
4.874560000000000871e-03
5.760959999999999866e-03
4.633920000000000573e-03
5.940080000000000360e-03
-1.087120000000000230e-03
-7.466240000000000723e-03
-7.345599999999999873e-04
1.238376000000000060e-02
-3.821999999999999877e-03
6.926640000000000401e-03
-1.079104000000000174e-02
-3.109360000000000249e-03
4.443759999999999724e-03
4.957600000000001459e-04
-2.472800000000000584e-04
2.906399999999999956e-04
-5.724319999999999756e-03
-2.437040000000000560e-03
6.457840000000002016e-03
2.684800000000000207e-03
-9.970400000000002524e-04
-3.918640000000001011e-03
1.406927999999999998e-02
1.039120000000000148e-03
-1.018600000000000061e-02
7.898880000000000484e-03
2.275199999999999792e-03
-3.728183999999999665e-02
-2.589175999999999978e-02
3.059759999999999910e-03
4.743999999999999845e-04
3.467040000000000226e-03
-2.302559999999999937e-03
5.767200000000000755e-04
-1.556799999999999894e-03
-9.895999999999998764e-05
-2.377839999999999988e-03
-8.824800000000001567e-04
-3.810479999999999770e-03
-1.007032000000000066e-02
8.728799999999999233e-04
-2.331680000000000037e-03
-2.220640000000000287e-03
-3.070399999999999605e-04
-7.192000000000000476e-03
1.067352000000000058e-02
5.786640000000000880e-03
-4.989680000000000677e-03
2.635760000000000446e-03
-1.369768000000000027e-02
-9.613439999999999139e-03
3.932000000000000707e-04
3.582400000000000666e-04
1.525920000000000054e-03
1.125072000000000051e-02
-4.094400000000000101e-04
6.577599999999999636e-04
7.055280000000000579e-03
-8.580640000000000489e-03
-5.019199999999999920e-04
-3.490160000000000397e-03
1.658760000000000442e-02
3.629871999999999960e-02
-9.474480000000000401e-03
1.739120000000000032e-03
1.502480000000000048e-03
-4.200080000000001000e-03
1.496079999999999979e-02
