-2.770000000000000652e-04
1.152600000000000152e-03
-6.039999999999999769e-05
-7.994000000000001322e-04
-1.449000000000000201e-03
-1.080000000000001518e-05
-1.259000000000000136e-03
-7.240000000000000342e-04
-1.021199999999999886e-03
2.895999999999999920e-04
-1.954400000000000234e-03
-8.890000000000000333e-04
1.474000000000000050e-04
-5.518000000000000769e-04
-1.007599999999999989e-03
-9.376000000000001304e-04
1.840000000000000001e-05
3.928000000000000068e-04
-4.136000000000000245e-04
-9.076000000000000517e-04
-1.061600000000000217e-03
-6.122000000000000271e-04
-1.764200000000000273e-03
-4.605999999999999743e-04
-5.695999999999999674e-04
-5.303999999999999904e-04
-1.808000000000000308e-04
-7.648000000000000501e-04
-5.014000000000001529e-04
3.498000000000000458e-04
-3.651999999999999864e-04
-6.354000000000000490e-04
-1.170199999999999929e-03
-2.314000000000000139e-04
1.285000000000000118e-03
-6.526000000000000334e-04
-2.377600000000000546e-03
6.786000000000000148e-04
-2.579999999999999828e-04
-8.652000000000001053e-04
-4.932000000000001704e-04
-9.446000000000001921e-04
-2.321200000000000260e-03
-2.118400000000000317e-03
4.366000000000000414e-04
-9.870000000000000301e-04
-9.730000000000000151e-04
-8.963999999999999963e-04
-7.146000000000000225e-04
1.714000000000000191e-04
-3.745999999999999981e-04
-3.780000000000000401e-05
-3.204000000000000359e-04
-6.922000000000000201e-04
-4.140000000000000342e-04
1.094000000000000137e-03
-5.024000000000000687e-04
-3.540000000000001343e-05
-4.007999999999999844e-04
-7.665999999999999854e-04
-9.208000000000000473e-04
-2.118200000000000204e-03
-1.061600000000000000e-03
3.300000000000000524e-04
-8.248000000000000990e-04
-1.226000000000000256e-04
-1.038200000000000190e-03
-7.620000000000000905e-04
-9.976000000000001793e-04
-5.774000000000000486e-04
-6.929999999999999312e-04
-9.672000000000000909e-04
-6.118000000000000174e-04
-3.276000000000000483e-04
-2.806000000000000443e-04
-6.541999999999999638e-04
-1.391199999999999989e-03
-1.021600000000000112e-03
3.097999999999999951e-04
9.913999999999999202e-04
-1.077600000000000172e-03
-1.292799999999999982e-03
-3.368000000000000551e-04
-5.435999999999999860e-04
-1.746600000000000062e-03
-2.482000000000000157e-04
-7.663999999999999806e-04
-6.848000000000000571e-04
-3.830000000000000396e-04
6.887999999999999375e-04
-1.754600000000000257e-03
-1.566000000000000118e-03
-2.106000000000000233e-04
-1.070200000000000101e-03
-4.216000000000000021e-04
-4.567999999999999361e-04
-6.199999999999999999e-04
-4.898000000000001962e-04
-4.741999999999999796e-04
-1.104399999999999956e-03
