5.163999999999999754e-04
-6.074000000000000189e-04
-8.360000000000001544e-04
-1.292999999999999879e-03
-1.336000000000000382e-03
-8.736000000000000926e-04
-8.060000000000000758e-04
-5.412000000000000361e-04
-2.634000000000000490e-03
-1.626400000000000285e-03
-2.531400000000000490e-03
-1.288000000000000082e-03
-7.110000000000001518e-04
-3.031800000000000293e-03
-1.775600000000000442e-03
-7.732000000000001459e-04
-5.686000000000000516e-04
-8.146000000000000680e-04
-6.887999999999999375e-04
-5.351999999999999987e-04
-5.882000000000000943e-04
-7.523999999999999655e-04
-6.137999999999999576e-04
-4.318000000000000332e-04
-1.801400000000000310e-03
-9.711999999999999713e-04
-9.531999999999999675e-04
-1.032600000000000054e-03
-5.880000000000000894e-04
-7.263999999999999841e-04
-6.570000000000000319e-04
-6.666000000000000484e-04
-1.324399999999999883e-03
-6.988000000000000721e-04
-9.706000000000001736e-04
-5.120000000000000853e-04
-3.932000000000000165e-04
-8.493999999999999381e-04
-8.476000000000001111e-04
-1.592800000000000119e-03
-1.232400000000000249e-03
-6.964000000000000138e-04
-8.631999999999999482e-04
-2.237999999999999918e-04
-8.909999999999999734e-04
1.059999999999999507e-05
-8.132000000000001423e-04
8.180000000000000964e-05
-9.110000000000001343e-04
-2.959999999999999849e-04
-7.762000000000000019e-04
-3.814000000000000007e-04
-9.486000000000000725e-04
-6.468000000000000008e-04
-8.190000000000001749e-04
-6.726000000000000858e-04
-5.414000000000001494e-04
3.842000000000000688e-04
-8.233999999999999566e-04
-2.876000000000000518e-04
-6.666000000000000484e-04
-7.096000000000000094e-04
-8.212000000000001200e-04
-6.933999999999999409e-04
-8.700000000000001135e-04
-5.779999999999999548e-04
-5.837999999999999873e-04
-1.691000000000000445e-03
-2.063799999999999749e-03
-1.242000000000000103e-04
-7.594000000000001357e-04
-2.656200000000000488e-03
-1.129800000000000249e-03
-1.021199999999999886e-03
-1.122200000000000064e-03
-6.140000000000001793e-04
-1.266800000000000001e-03
-1.693800000000000297e-03
-1.006799999999999969e-03
-8.858000000000000639e-04
-6.708000000000000421e-04
-8.598000000000000824e-04
-5.464000000000000540e-04
-1.112400000000000151e-03
-4.484000000000000030e-04
-9.967999999999999430e-04
-5.188000000000000337e-04
-2.573999999999999682e-04
-8.227999999999999420e-04
-1.927999999999999972e-04
-5.586000000000000253e-04
-3.896000000000000374e-04
6.080000000000000064e-05
-6.852000000000000668e-04
-4.422000000000000691e-04
-6.034000000000000301e-04
-1.129400000000000022e-03
-6.876000000000001252e-04
-6.511999999999999993e-04
-7.967999999999999606e-04
