-9.487999999999998605e-05
-1.379999999999999933e-04
-1.659199999999999835e-04
-1.492800000000000073e-04
-2.097599999999999975e-04
-7.239999999999999799e-05
-7.320000000000000389e-05
-1.415200000000000138e-04
-1.870399999999999981e-04
-1.182400000000000063e-04
-1.188000000000000010e-04
-1.768000000000000149e-04
-1.536800000000000058e-04
-1.045599999999999882e-04
-1.703999999999999677e-04
-1.035999999999999974e-04
-1.805600000000000195e-04
-5.352000000000000935e-05
-1.592000000000000207e-04
-1.822399999999999899e-04
-4.896000000000000558e-05
-1.096799999999999934e-04
-2.295200000000000387e-04
-1.775199999999999944e-04
-1.664800000000000188e-04
-1.640800000000000147e-04
-9.271999999999999318e-05
-1.376799999999999964e-04
-8.167999999999999046e-05
-1.229600000000000018e-04
-8.799999999999998416e-05
-5.912000000000001672e-05
-1.964000000000000305e-04
-1.532000000000000104e-04
-1.427200000000000159e-04
-1.220000000000000245e-04
-7.568000000000000725e-05
-1.989599999999999789e-04
-1.590399999999999952e-04
-1.745600000000000092e-04
-2.244800000000000191e-04
-1.770399999999999990e-04
-2.187200000000000201e-04
-1.128800000000000034e-04
-2.376800000000000147e-04
-1.201600000000000015e-04
-1.611200000000000024e-04
-1.911999999999999583e-04
-1.196799999999999926e-04
-6.015999999999999321e-05
-5.024000000000000687e-05
-1.192000000000000107e-04
-1.012799999999999925e-04
-1.449600000000000216e-04
-1.700799999999999979e-04
-1.964000000000000034e-04
-1.617600000000000233e-04
-1.025599999999999803e-04
-2.168000000000000114e-04
-2.098400000000000373e-04
-2.508799999999999832e-04
-1.522400000000000196e-04
-2.153599999999999980e-04
-1.892799999999999767e-04
-2.690400000000000126e-04
-1.798400000000000129e-04
-2.066399999999999867e-04
-1.385600000000000286e-04
-1.263200000000000238e-04
-1.279200000000000085e-04
-1.799200000000000257e-04
-2.208800000000000130e-04
-2.140000000000000246e-04
-2.214400000000000483e-04
-2.108800000000000138e-04
-1.898400000000000120e-04
-1.250400000000000090e-04
-2.003200000000000065e-04
-1.140800000000000055e-04
-1.974399999999999799e-04
-1.417600000000000251e-04
-1.792000000000000190e-04
-1.456000000000000425e-04
-1.197600000000000189e-04
-2.189600000000000042e-04
-2.040800000000000383e-04
-1.460000000000000252e-04
-1.822400000000000170e-04
-2.583200000000000340e-04
-1.005599999999999994e-04
-8.647999999999999871e-05
-5.912000000000000317e-05
-1.672000000000000255e-04
-1.756000000000000128e-04
-2.100000000000000087e-04
-2.473600000000000169e-04
-1.626400000000000285e-04
-1.986399999999999819e-04
-9.424000000000001928e-05
-2.098399999999999831e-04
