-6.720000000000000712e-04
-3.872000000000000333e-04
-3.310000000000000767e-04
-3.970000000000000005e-04
-2.938000000000000399e-04
-8.179999999999999338e-04
-6.279999999999999775e-04
-6.187999999999999707e-04
-6.166000000000000257e-04
-6.018000000000000996e-04
-4.492000000000000224e-04
-4.674000000000000312e-04
-6.110000000000001064e-04
-1.036000000000000029e-03
-4.433999999999999899e-04
-1.613599999999999974e-03
-1.211400000000000064e-03
4.608000000000000334e-04
-1.051800000000000087e-03
-8.612000000000000080e-04
-8.352000000000000266e-04
-9.048000000000002005e-04
-8.610000000000001116e-04
-7.240000000000000342e-04
-2.494000000000000448e-04
-7.162000000000000614e-04
-6.038000000000000398e-04
-1.363999999999999978e-03
-1.243200000000000294e-03
-1.064999999999999974e-03
-1.041999999999999985e-04
4.453999999999999843e-04
-3.967999999999999956e-04
-4.600000000000000681e-05
-1.466000000000000126e-04
-1.269600000000000069e-03
-1.157200000000000156e-03
4.499999999999999606e-05
-6.842000000000000425e-04
-7.988000000000001176e-04
-1.425400000000000061e-03
-8.260000000000000198e-05
-8.668000000000001442e-04
1.675000000000000057e-03
-1.080199999999999910e-03
-5.280000000000001489e-04
-4.154000000000000140e-04
-5.647999999999999592e-04
-5.498000000000000283e-04
-5.800000000000007996e-06
-3.139999999999999888e-04
-4.179999999999999688e-04
-7.797999999999999810e-04
-1.118000000000000070e-03
-7.338000000000000555e-04
-1.231400000000000116e-03
-1.170800000000000269e-03
-3.686000000000000149e-04
-6.468000000000001092e-04
-3.696000000000000392e-04
-2.411999999999999810e-04
7.952000000000000301e-04
-1.476800000000000118e-03
-5.685999999999999431e-04
-1.375200000000000033e-03
-8.696000000000001038e-04
-9.012000000000000045e-04
-2.196000000000000523e-04
-1.334400000000000126e-03
-4.159999999999999473e-05
-6.199999999999999999e-04
-7.892000000000001011e-04
-8.310000000000000329e-04
-8.746000000000000085e-04
-3.320000000000001417e-05
-7.278000000000000181e-04
-1.112400000000000151e-03
-3.062000000000000160e-04
-1.178000000000000011e-03
-2.867199999999999870e-03
-1.459999999999999981e-04
-2.118200000000000204e-03
7.272000000000001119e-04
-7.730000000000000326e-04
-6.544000000000000771e-04
7.759999999999998887e-05
-6.980000000000000527e-04
-6.511999999999999993e-04
-7.748000000000000763e-04
-6.486000000000000446e-04
-9.223999999999999777e-04
-1.762000000000000003e-04
-1.311000000000000099e-03
-1.119800000000000222e-03
-3.344000000000000509e-04
-1.305200000000000067e-03
-5.205999999999999690e-04
-5.688000000000000564e-04
-1.384800000000000267e-03
-9.079999999999999801e-05
