2.024000000000000408e-04
-1.032880000000000083e-02
-1.263640000000000249e-02
-8.388400000000000717e-03
1.211600000000000177e-03
-4.438000000000000538e-04
-3.464220000000000493e-02
2.609800000000000227e-03
6.486199999999999258e-03
5.947800000000000482e-03
-4.226800000000000175e-03
-5.183400000000000334e-03
2.085520000000000429e-02
-3.031280000000001126e-02
6.174400000000000895e-03
9.277400000000001618e-03
3.967440000000000550e-02
-1.100500000000000263e-02
1.266540000000000027e-02
-3.264999999999999673e-03
7.267999999999999938e-04
-4.509200000000000534e-03
1.684300000000000380e-02
-8.347399999999999612e-03
2.525520000000000542e-02
3.105300000000000421e-02
1.405080000000000391e-02
-1.983120000000000369e-02
1.327020000000000283e-02
-1.281240000000000157e-02
-2.619480000000000766e-02
3.284300000000000413e-02
2.525800000000000354e-03
3.805599999999999695e-03
-1.014360000000000261e-02
6.800200000000001035e-03
-4.107200000000000087e-03
2.689999999999999683e-03
-6.760000000000001685e-05
7.449200000000000439e-03
-9.040000000000002894e-05
1.403999999999999975e-04
4.349600000000000341e-03
-2.450599999999999827e-03
-3.708000000000000141e-04
3.415600000000000407e-03
-1.600000000000000077e-03
-3.438399999999999877e-03
-4.871200000000000876e-03
-4.181560000000000832e-02
-8.436000000000000139e-04
-4.815200000000000383e-03
-3.916400000000000436e-03
4.410599999999999764e-03
2.833180000000001114e-02
-5.214200000000001299e-03
9.701000000000001289e-03
-1.819000000000000478e-02
2.131600000000000422e-03
-2.221040000000000514e-02
1.401880000000000487e-02
1.281599999999999927e-03
-4.097800000000001268e-03
3.735840000000000688e-02
-5.091600000000000813e-03
-2.116460000000000563e-02
3.423720000000000929e-02
2.734440000000000828e-02
5.111599999999999998e-03
-3.009000000000000390e-03
2.595260000000000622e-02
-5.069800000000001042e-03
3.693400000000000329e-03
-6.989999999999999686e-04
2.741799999999999966e-03
7.800000000000000943e-04
2.832500000000000642e-02
-5.834800000000001097e-03
2.446000000000000257e-03
3.065800000000000816e-02
-7.647999999999999417e-04
-2.088400000000000239e-03
-3.724799999999999899e-03
-1.425799999999999854e-03
-1.178599999999999917e-03
7.440000000000000866e-04
-5.590400000000000577e-03
1.903799999999999980e-03
-1.899999999999999834e-04
-5.351200000000000401e-03
4.634600000000000004e-03
-9.924600000000000435e-03
-2.650260000000000810e-02
1.652400000000000049e-03
1.036960000000000139e-02
-2.187800000000000161e-03
-5.754200000000000113e-03
2.852400000000000161e-03
-1.064860000000000112e-02
1.105400000000000306e-03
