-3.266000000000000240e-04
-1.565780000000000297e-02
-9.835600000000001633e-03
2.275280000000000358e-02
-4.225780000000001202e-02
4.632400000000000927e-03
1.070480000000000216e-02
-7.826000000000001575e-04
-7.008000000000002292e-04
-4.158000000000000237e-03
2.827200000000000199e-03
-5.260460000000000830e-02
-4.032780000000000392e-02
-8.473600000000001270e-03
4.572799999999999261e-03
8.240000000000001067e-05
-1.533920000000000249e-02
-3.978200000000001180e-03
-9.070000000000000371e-04
2.493199999999999670e-03
1.688140000000000127e-02
-9.018800000000002162e-03
1.833800000000000360e-02
-3.329600000000000701e-03
2.490400000000000252e-03
3.082820000000001046e-02
1.842180000000000206e-02
2.819720000000000906e-02
6.157460000000002098e-02
1.339340000000000322e-02
-1.492000000000000270e-03
3.987840000000000829e-02
-9.479800000000000032e-03
-6.708200000000000968e-03
2.969380000000000283e-02
3.694320000000000243e-02
-5.920999999999999180e-03
-6.814599999999999651e-03
7.460360000000000602e-02
8.980600000000000041e-03
-6.380400000000000481e-03
3.836800000000000020e-03
-1.962700000000000208e-02
1.612420000000000173e-02
-8.470600000000001739e-03
5.840600000000001346e-03
-1.446200000000000133e-03
-4.556200000000000701e-03
-4.703800000000001036e-03
7.522000000000000908e-03
3.518200000000000494e-02
1.908220000000000402e-02
-1.808800000000000165e-03
1.082720000000000037e-02
2.431399999999999794e-03
-9.289000000000002116e-03
4.681660000000001376e-02
3.675999999999999906e-04
-5.952200000000000372e-03
7.590799999999999978e-03
1.414800000000000259e-02
-1.220140000000000460e-02
2.479980000000000726e-02
6.368400000000000623e-03
2.178520000000000456e-02
-7.480200000000001084e-03
1.505320000000000095e-02
-7.640600000000000863e-03
2.931000000000000012e-03
-2.045100000000000390e-02
2.950000000000000148e-04
-7.735200000000000235e-03
-1.221160000000000127e-02
4.162800000000000354e-03
1.070320000000000299e-02
1.921520000000000519e-02
-1.238480000000000136e-02
-8.373000000000001969e-03
6.072600000000000914e-03
-4.659999999999999429e-04
-3.493720000000000853e-02
1.425600000000000304e-02
1.058339999999999975e-02
1.442000000000000139e-03
-6.331800000000001143e-03
-6.510399999999999521e-03
-8.898000000000001611e-04
-1.710400000000000375e-03
-1.196400000000000241e-03
8.897999999999999443e-04
-4.630600000000000341e-03
-1.381599999999999972e-03
6.852600000000001225e-03
7.484200000000001615e-03
1.184280000000000228e-02
9.740200000000000941e-03
-5.890000000000000053e-04
-1.980900000000000369e-02
2.758280000000000801e-02
3.354200000000000324e-03
