6.773200000000000054e-03
-3.621260000000001145e-02
-2.503780000000000588e-02
-9.494400000000000062e-03
-1.167440000000000318e-02
1.280020000000000116e-02
-2.086140000000000216e-02
-1.089799999999999927e-03
3.238000000000000643e-04
-8.261799999999999700e-03
2.187540000000000665e-02
-2.912680000000000130e-02
-1.276260000000000068e-02
1.133520000000000187e-02
-2.463940000000000227e-02
-2.281640000000000404e-02
-8.812780000000002001e-02
1.012199999999999905e-02
-8.483999999999998053e-04
-2.569440000000000612e-02
2.742980000000000418e-02
-3.321820000000001022e-02
-2.383480000000000321e-02
-1.748800000000000007e-03
-2.981560000000000460e-02
1.576000000000000317e-02
1.390900000000000296e-02
8.558800000000000088e-03
-3.165500000000000952e-02
5.968900000000001982e-02
5.792860000000001758e-02
-3.766980000000000328e-02
-3.733599999999999679e-03
-1.363440000000000311e-02
3.387840000000000990e-02
-5.840320000000001621e-02
3.010000000000000089e-03
2.951240000000000807e-02
2.412440000000000417e-02
7.634799999999999746e-03
3.618399999999999915e-03
-5.405400000000000309e-03
-1.663900000000000448e-02
1.313960000000000128e-02
-3.384000000000000397e-04
2.414800000000000366e-03
-1.181040000000000215e-02
-6.695400000000000656e-03
-4.320120000000000904e-02
-2.804260000000000433e-02
4.519360000000000044e-02
5.479820000000001912e-02
-8.185140000000001859e-02
7.335600000000001147e-03
3.606900000000000384e-02
7.256000000000000297e-03
3.076000000000000175e-03
3.599399999999999995e-03
2.388799999999999951e-03
-1.037780000000000126e-02
-2.567980000000000609e-02
7.676960000000000728e-02
6.022520000000002038e-02
-3.188300000000000162e-02
-1.032820000000000092e-02
-3.508580000000000726e-02
2.921500000000000485e-02
-3.536320000000000435e-02
-9.453200000000001879e-03
-1.067480000000000165e-02
4.901460000000001233e-02
2.068599999999999866e-03
-2.669600000000000445e-02
5.193800000000000153e-03
-4.796800000000001236e-03
1.825200000000000346e-03
-2.879700000000000315e-02
-6.286000000000000788e-03
1.839920000000000097e-02
-2.744400000000000138e-03
-5.569199999999999845e-03
-2.481680000000000344e-02
-2.639480000000000298e-02
4.953599999999999844e-03
-6.055800000000000939e-03
-7.252999999999999899e-03
-1.947800000000000182e-03
-2.262480000000000394e-02
-2.900380000000000666e-02
2.328000000000000208e-03
-1.899900000000000547e-02
5.041000000000000342e-03
1.573940000000000755e-02
-2.088400000000000239e-03
5.279560000000001196e-02
1.160000000000000224e-03
4.310520000000000324e-02
9.139460000000002027e-02
-2.308120000000000310e-02
1.678600000000000144e-03
