6.568000000000000812e-05
-1.641600000000000004e-04
-2.834640000000000250e-03
1.477304000000000117e-02
-5.115999999999999888e-03
2.471920000000000280e-03
6.322719999999999556e-03
6.505519999999999879e-03
-8.969600000000000316e-04
-1.191744000000000137e-02
-4.663999999999999526e-04
-3.647280000000000140e-03
2.128799999999999703e-03
2.505120000000000003e-03
-3.390560000000000795e-03
8.409600000000000799e-04
1.796880000000000265e-03
3.270320000000000171e-03
8.191999999999999629e-04
-1.201600000000000015e-04
-2.593439999999999808e-03
9.536959999999998841e-03
-5.163920000000000662e-03
-7.659200000000000123e-04
-6.810400000000000308e-03
-3.985279999999999899e-03
1.782959999999999883e-03
-5.828479999999999599e-03
-1.400000000000000148e-04
3.924160000000000321e-03
9.424240000000000395e-03
4.301600000000000692e-04
1.801168000000000213e-02
8.431280000000001065e-03
7.961680000000000493e-03
-2.043728000000000211e-02
-2.383336000000000135e-02
-1.323359999999999988e-03
2.808320000000000434e-03
-6.673839999999999460e-03
7.150399999999999031e-04
1.882720000000000053e-03
7.771200000000000677e-04
1.317016000000000193e-02
8.872799999999999481e-04
-2.310159999999999905e-03
2.517039999999999902e-03
4.132799999999999733e-04
-2.710800000000000189e-03
4.556799999999999740e-03
-7.608879999999999290e-03
-4.477920000000000685e-03
-7.640880000000000068e-03
-4.846959999999999984e-03
-2.812560000000000407e-03
-3.669599999999999859e-03
-4.767999999999999886e-04
9.289600000000000505e-04
2.362232000000000220e-02
7.985920000000000518e-03
3.757840000000000139e-03
-2.430720000000000363e-03
-1.493600000000000201e-04
8.280799999999999186e-04
-3.235520000000000410e-03
-2.325040000000000006e-03
-3.494320000000000412e-03
9.029040000000002064e-03
2.741360000000000411e-03
7.746559999999999557e-03
-3.165199999999999958e-03
-4.504800000000000102e-04
-7.835439999999999072e-03
-1.684567999999999829e-02
4.186719999999999678e-03
-1.239040000000000063e-03
-6.468080000000000183e-03
-9.151200000000000610e-04
1.932480000000000309e-03
-3.448240000000000419e-03
-6.556879999999999306e-03
2.779199999999999683e-04
-3.251919999999999724e-03
-5.148240000000000975e-03
-2.978240000000000054e-03
2.379200000000000531e-04
-1.223063999999999922e-02
-2.489280000000000399e-03
-1.097760000000000142e-03
7.660800000000001463e-04
3.832640000000000872e-03
5.704160000000000653e-03
-4.417360000000000383e-03
-4.572000000000000001e-04
4.275759999999999977e-03
-6.245999999999998949e-03
2.087191999999999867e-02
-2.785120000000000304e-03
1.755952000000000207e-02
3.228032000000000123e-02
