-1.186000000000000205e-03
-4.978000000000000654e-04
-2.508000000000000246e-04
-9.040000000000000726e-04
-5.302000000000000940e-04
-8.182000000000000470e-04
-5.984000000000001254e-04
-1.136200000000000187e-03
-1.398000000000000154e-03
-1.303800000000000358e-03
7.560000000000000530e-04
-8.948000000000000658e-04
6.985999999999999589e-04
6.623999999999999463e-04
3.160000000000000374e-04
-8.027999999999999980e-04
-4.898000000000001962e-04
-1.482400000000000254e-03
-2.354200000000000303e-03
-5.880000000000000894e-04
-8.614000000000001213e-04
-9.806000000000000914e-04
-6.170000000000000354e-04
-6.222000000000001618e-04
3.846000000000000243e-04
2.298000000000000021e-04
6.136000000000000612e-04
-1.070399999999999997e-03
-8.475999999999998943e-04
-9.142000000000001037e-04
2.299999999999999961e-03
-3.062000000000000052e-03
-1.523800000000000068e-03
4.966000000000000362e-04
-9.663999999999999630e-04
-8.329999999999999731e-04
-1.450000000000000280e-04
-5.640000000000000482e-04
-5.569999999999999864e-04
-3.646000000000000261e-04
-5.105999999999999428e-04
-2.414000000000000130e-04
1.859999999999999471e-05
-9.647999999999999242e-04
-1.970400000000000190e-03
1.700000000000000122e-04
-1.850599999999999988e-03
-8.454000000000000577e-04
1.673800000000000027e-03
3.642000000000000163e-04
-1.190200000000000199e-03
-2.305400000000000418e-03
-2.067199999999999940e-03
-2.311200000000000233e-03
-8.790000000000001154e-04
-6.859999999999999779e-04
2.226400000000000341e-03
-1.364400000000000205e-03
4.026000000000000824e-04
-1.009800000000000151e-03
2.779999999999999811e-04
-7.045999999999999963e-04
-2.102000000000000407e-04
-1.079799999999999901e-03
-1.079000000000000098e-03
-8.404000000000000446e-04
-3.128000000000000680e-04
-2.614400000000000231e-03
-2.422000000000000053e-04
-3.146000000000000575e-04
1.112799999999999944e-03
-3.235999999999999511e-04
-7.174000000000000906e-04
-1.365000000000000111e-03
-1.492399999999999846e-03
1.028400000000000061e-03
-9.970000000000000563e-04
-2.235000000000000007e-03
1.507999999999999792e-03
-7.812000000000000150e-04
-1.478799999999999950e-03
-9.653999999999999387e-04
-3.506000000000000110e-04
-1.075000000000000001e-03
3.799999999999998854e-05
-1.620600000000000252e-03
-4.095999999999999815e-04
-5.430000000000000798e-04
-3.555800000000000020e-03
-3.044000000000000265e-04
-4.092000000000000260e-04
8.597999999999998656e-04
3.890000000000000771e-04
-4.204000000000000813e-04
-1.146000000000000100e-03
-4.686000000000000061e-04
-8.321999999999999537e-04
-6.009999999999999717e-04
-6.762000000000000649e-04
1.144000000000000160e-04
