-3.006340000000000748e-02
1.805480000000000279e-02
4.785200000000000738e-03
6.210600000000001016e-03
5.645600000000000618e-03
-2.991980000000001028e-02
-4.204000000000000813e-04
3.412000000000000536e-03
3.719040000000001234e-02
2.800400000000000198e-03
2.020399999999999887e-03
-6.042000000000000495e-04
-4.488800000000000255e-03
-2.192600000000000278e-03
-2.880000000000000073e-04
9.146000000000001134e-04
-2.400200000000000337e-03
9.709400000000001710e-03
8.263600000000002888e-03
-9.292600000000001553e-03
1.120340000000000225e-02
8.682600000000000387e-03
-1.220360000000000368e-02
9.694000000000000360e-04
-9.771600000000001812e-03
-3.159000000000000349e-03
6.143400000000001117e-03
4.304000000000000534e-03
-5.314200000000000694e-03
3.815400000000000475e-03
2.329200000000000020e-03
-1.704199999999999812e-02
4.798199999999999861e-03
-5.645999999999999543e-04
-1.570000000000000215e-03
1.204840000000000078e-02
7.815799999999999484e-03
-2.451580000000000772e-02
-1.118400000000000123e-02
-4.031199999999999541e-03
8.258600000000001357e-03
-1.272380000000000212e-02
2.538800000000000345e-03
3.188000000000000295e-03
2.210800000000000178e-03
8.289200000000001775e-03
9.068000000000001407e-03
1.555000000000000175e-03
6.268000000000000134e-03
-9.742600000000002300e-03
-6.843000000000000992e-03
-2.845800000000000326e-03
-2.749600000000000048e-03
5.074999999999999650e-03
4.824400000000000389e-03
-9.512000000000000273e-04
-4.706400000000000340e-03
-4.337800000000001030e-03
-3.666600000000001195e-03
-2.243800000000000221e-03
-2.522600000000000276e-03
-9.158600000000002850e-03
1.297680000000000361e-02
-8.845200000000000978e-03
-2.331600000000000512e-03
1.680700000000000249e-02
-4.376599999999999588e-03
-4.405599999999999968e-03
-3.471600000000000033e-03
-6.979000000000000828e-03
-4.022200000000000081e-03
-1.339200000000000026e-03
-4.590600000000000236e-03
-2.060320000000000554e-02
1.283360000000000056e-02
-1.007540000000000172e-02
-3.924000000000001272e-03
-2.045000000000000377e-03
6.545400000000000697e-03
-1.958820000000000353e-02
-7.634799999999999746e-03
-7.364400000000000113e-03
1.955600000000000480e-03
-2.440400000000000555e-03
7.959999999999998327e-05
8.877400000000000568e-03
3.991800000000000209e-03
4.236400000000000408e-03
-1.611120000000000260e-02
5.708599999999999439e-03
5.322360000000000979e-02
2.367400000000000407e-03
3.334799999999999744e-03
1.154000000000000078e-03
3.167400000000000337e-03
-1.285980000000000109e-02
-6.855000000000000850e-03
-3.097500000000000600e-02
-2.009980000000000100e-02
6.324200000000000307e-03
