1.041200000000000155e-03
-2.031199999999999933e-03
1.881600000000000145e-04
-2.522399999999999838e-04
-1.113360000000000087e-03
-9.567999999999999465e-04
1.560400000000000198e-03
1.907119999999999996e-03
-1.815200000000000103e-04
-2.339679999999999798e-03
-5.159999999999999656e-04
4.401600000000000412e-04
-2.423199999999999974e-04
7.488000000000000135e-05
-6.171200000000000817e-04
3.566400000000000819e-04
1.380000000000000204e-04
-5.264000000000001100e-04
-1.945360000000000145e-03
-1.939519999999999916e-03
-8.108000000000000840e-04
9.760000000000008198e-06
1.448000000000000231e-04
2.089680000000000010e-03
3.104800000000000225e-04
-1.174879999999999891e-03
5.005600000000000457e-04
-1.437280000000000198e-03
-7.536800000000000617e-04
1.594400000000000049e-04
-3.671199999999999681e-04
-5.264799999999999602e-04
-3.418400000000000475e-04
5.880000000000000894e-04
2.181839999999999995e-03
-1.344960000000000079e-03
-6.573599999999999539e-04
-2.291599999999999974e-03
-3.141600000000000143e-04
1.324239999999999966e-03
1.705360000000000383e-03
-8.776000000000000001e-05
-1.939999999999999993e-04
1.664800000000000188e-04
5.362079999999999971e-03
-1.005040000000000013e-03
1.288000000000000204e-05
1.327199999999999897e-04
3.024000000000000185e-05
-3.840000000000000097e-04
-4.523200000000000874e-04
-3.171120000000000362e-03
-7.768000000000000165e-04
3.856000000000001706e-05
2.150400000000000282e-04
-5.996000000000000461e-04
1.978400000000000167e-04
2.141520000000000055e-03
-7.032800000000000292e-04
2.528000000000000191e-04
-7.579999999999999932e-04
-8.207999999999998663e-05
1.117439999999999926e-03
9.174400000000000523e-04
-1.100959999999999786e-03
-3.507200000000000031e-04
6.264800000000001140e-04
4.852799999999999345e-04
4.918400000000001156e-04
1.250000000000000026e-03
-2.674080000000000120e-03
-8.291999999999999892e-04
4.167360000000000161e-03
2.154080000000000057e-03
3.071200000000000275e-04
6.485599999999999568e-04
-5.190560000000000312e-03
5.195999999999999447e-04
2.269200000000000297e-03
4.653600000000000033e-04
-1.151999999999999474e-05
-4.274400000000000682e-04
-2.648000000000000180e-03
-4.902399999999999683e-04
-6.136000000000000883e-05
-1.053839999999999898e-03
-1.572400000000000056e-03
1.283040000000000048e-03
-2.782000000000000185e-03
-1.597600000000000018e-03
-1.957120000000000127e-03
2.843280000000000113e-03
2.184800000000000088e-04
-2.192159999999999855e-03
4.229600000000000568e-04
-9.771199999999999417e-04
1.527280000000000000e-03
3.671200000000000765e-04
7.612800000000000296e-04
2.492400000000000084e-03
