-1.032400000000000158e-03
-9.816000000000002241e-04
-1.039200000000000106e-03
-1.023999999999999954e-03
-1.036599999999999935e-03
-1.017400000000000335e-03
-1.036800000000000048e-03
-9.550000000000001196e-04
-1.040200000000000022e-03
-1.056400000000000091e-03
-1.042600000000000081e-03
-9.573999999999999611e-04
-1.083400000000000205e-03
-1.060600000000000084e-03
-1.064600000000000182e-03
-9.434000000000000545e-04
-9.752000000000000685e-04
-1.051600000000000191e-03
-9.894000000000000884e-04
-9.002000000000000886e-04
-9.340000000000001513e-04
-8.708000000000000245e-04
-1.005000000000000034e-03
-9.125999999999999564e-04
-1.017200000000000005e-03
-9.536000000000000856e-04
-9.352000000000000720e-04
-9.556000000000001342e-04
-9.537999999999999820e-04
-9.422000000000000253e-04
-9.795999999999999586e-04
-9.506000000000000127e-04
-9.749999999999999552e-04
-9.187999999999998902e-04
-9.743999999999999407e-04
-9.520000000000001551e-04
-9.346000000000000574e-04
-8.848000000000000396e-04
-9.692000000000000311e-04
-9.040000000000000726e-04
-9.076000000000000517e-04
-9.858000000000000009e-04
-9.318000000000000978e-04
-9.396000000000000706e-04
-9.284000000000001236e-04
-1.000599999999999927e-03
-1.004600000000000024e-03
-9.746000000000000539e-04
-9.960000000000003573e-04
-8.696000000000001038e-04
-8.874000000000001028e-04
-9.294000000000000395e-04
-9.805999999999998745e-04
-9.883999999999999557e-04
-9.284000000000001236e-04
-1.103000000000000031e-03
-9.130000000000000745e-04
-9.024000000000001421e-04
-8.473999999999999979e-04
-8.936000000000000366e-04
-9.220000000000000764e-04
-8.566000000000001131e-04
-9.348000000000000623e-04
-9.414000000000001143e-04
-8.698000000000000002e-04
-9.646000000000000277e-04
-1.018999999999999941e-03
-9.626000000000000875e-04
-1.011200000000000076e-03
-9.280000000000001139e-04
-9.212000000000001654e-04
-8.582000000000000435e-04
-9.766000000000002110e-04
-9.760000000000001964e-04
-9.066000000000000274e-04
-8.606000000000002103e-04
-7.967999999999999606e-04
-8.765999999999999487e-04
-8.246000000000000942e-04
-9.127999999999999612e-04
-8.727999999999999647e-04
-8.628000000000000469e-04
-9.086000000000000760e-04
-8.871999999999999895e-04
-9.770000000000000039e-04
-9.058000000000000079e-04
-9.460000000000001177e-04
-8.861999999999999652e-04
-9.519999999999999383e-04
-7.918000000000000559e-04
-8.069999999999999916e-04
-1.023000000000000038e-03
-9.880000000000001628e-04
-9.387999999999999427e-04
-1.038800000000000097e-03
-9.506000000000000127e-04
-8.716000000000001524e-04
-8.768000000000000620e-04
-8.601999999999999837e-04
-7.919999999999999523e-04
