7.182000000000000883e-03
1.558300000000000483e-02
2.870940000000000644e-02
-2.726660000000000542e-02
1.484120000000000404e-02
-3.563100000000000295e-02
3.683800000000000963e-03
1.621939999999999840e-02
4.372400000000000245e-03
-1.906200000000000602e-02
-5.585200000000000234e-03
2.807760000000000811e-02
2.856600000000000372e-03
-8.700200000000001682e-03
-1.905999999999999979e-04
-1.353000000000000036e-03
-2.256160000000000457e-02
-2.776140000000000205e-02
-1.288000000000000082e-02
5.355400000000000611e-03
-1.555140000000000342e-02
1.117200000000000051e-03
5.243000000000000264e-03
-5.681540000000002283e-02
-9.840800000000001976e-03
-9.647820000000001395e-02
-5.729140000000002009e-02
1.306140000000000079e-02
5.117320000000001590e-02
-3.714600000000001234e-02
2.436140000000000527e-02
2.154540000000000274e-02
-2.529999999999999697e-03
-7.386000000000001071e-03
1.279900000000000308e-02
-3.881600000000000241e-03
-1.036200000000000315e-01
8.925000000000000641e-03
3.984640000000001098e-02
-6.279400000000000953e-03
-6.993800000000000537e-03
-1.635000000000000168e-03
-3.445799999999999731e-03
4.072600000000000872e-03
-2.065360000000000459e-02
-6.007000000000001054e-03
-9.344400000000000969e-03
7.281999999999999411e-03
3.276099999999999846e-02
1.371179999999999968e-02
-5.663020000000001247e-02
-4.527800000000000227e-03
1.503480000000000094e-02
-3.652939999999999660e-02
1.952640000000000278e-02
-1.769320000000000614e-02
-9.438000000000000209e-03
-1.239580000000000196e-02
-9.757020000000000970e-02
-2.983799999999999994e-03
-9.205600000000001282e-03
-2.378200000000000452e-03
5.896600000000000105e-03
-5.781200000000000228e-03
-1.008039999999999978e-02
-1.472460000000000088e-02
-3.192480000000000318e-02
1.382360000000000186e-02
-3.581600000000000322e-03
-2.255800000000000513e-02
5.602840000000001291e-02
-4.286580000000000945e-02
-1.504780000000000006e-02
3.494800000000000163e-03
1.122180000000000052e-02
-4.892600000000000421e-03
4.754280000000001005e-02
-1.495280000000000220e-02
-2.143280000000000185e-02
2.048140000000000377e-02
-2.187800000000000161e-03
3.904200000000000031e-03
1.058970000000000189e-01
-4.029440000000000105e-02
-3.283860000000000251e-02
-1.952180000000000235e-02
6.745400000000000354e-03
-5.487399999999999917e-03
-1.514780000000000119e-02
-3.166200000000000958e-02
6.069399999999999969e-03
2.086580000000000379e-02
-1.504440000000000117e-02
1.329000000000000320e-03
-5.926580000000002124e-02
-9.116400000000001932e-03
-2.688999999999999984e-03
-1.241700000000000442e-02
1.141780000000000052e-02
-1.661600000000000056e-03
