-7.950000000000001336e-04
-8.867999999999999798e-04
-7.349999999999999763e-04
-8.993999999999999608e-04
-7.524000000000000739e-04
-7.802000000000000992e-04
-6.786000000000001232e-04
-6.509999999999999945e-04
-6.558000000000001111e-04
-6.916000000000000055e-04
-7.226000000000001085e-04
-6.202000000000001132e-04
-9.392000000000001693e-04
-6.196000000000000986e-04
-6.882000000000000313e-04
-7.450000000000000025e-04
-5.521999999999999782e-04
-4.828000000000000260e-04
-8.045999999999999333e-04
-8.526000000000000158e-04
-7.674000000000000049e-04
-6.298000000000000213e-04
-6.984000000000000624e-04
-1.100000000000000066e-03
-5.088000000000000075e-04
-1.560799999999999991e-03
-1.093599999999999911e-03
-7.922000000000000656e-04
-1.376000000000000107e-04
-8.670000000000000406e-04
-8.104000000000000743e-04
-8.072000000000001049e-04
-6.589999999999999721e-04
4.399999999999995989e-06
-8.044000000000000369e-04
-6.315999999999999566e-04
-8.624000000000002540e-04
-2.716000000000000423e-04
-7.352000000000000896e-04
-4.389999999999999914e-04
-6.386000000000001267e-04
-7.156000000000000468e-04
-5.956000000000000573e-04
-8.112000000000002022e-04
-1.038199999999999974e-03
-1.013000000000000012e-03
-7.534000000000000983e-04
-6.570000000000000319e-04
-7.752000000000000860e-04
-5.784000000000000729e-04
-7.401999999999998858e-04
-9.346000000000001659e-04
-6.438000000000000363e-04
-9.318000000000000978e-04
-8.903999999999999589e-04
-1.291800000000000283e-03
-1.072000000000000253e-03
-1.545200000000000263e-03
-9.585999999999999903e-04
-7.596000000000000321e-04
-5.868000000000000603e-04
-9.076000000000000517e-04
-3.432000000000000480e-04
-4.858000000000000447e-04
-6.538000000000000625e-04
-6.394000000000000378e-04
-8.224000000000000407e-04
-8.376000000000000849e-04
-1.158000000000000175e-03
-6.938000000000000590e-04
-2.039999999999999984e-04
-6.042000000000000495e-04
-5.452000000000000249e-04
-7.486000000000000900e-04
-8.122000000000000096e-04
-7.158000000000000517e-04
-7.269999999999999987e-04
-6.116000000000000126e-04
-4.774000000000000032e-04
-1.021800000000000225e-03
-4.350000000000000568e-04
-8.894000000000000430e-04
-5.764000000000000243e-04
-8.413999999999999604e-04
-7.560000000000000530e-04
3.940000000000000902e-05
-4.120000000000000534e-05
-5.716000000000000161e-04
-7.808000000000000053e-04
-7.596000000000000321e-04
-4.194000000000000570e-04
-9.411999999999998926e-04
-7.528000000000000837e-04
-1.004400000000000128e-03
-3.774000000000000661e-04
-6.059999999999999849e-04
-7.492000000000001046e-04
-8.683999999999999662e-04
-1.227200000000000122e-03
-6.097999999999999688e-04
