-4.990000000000000945e-04
-1.694200000000000090e-03
-9.212000000000001654e-04
-9.160000000000000390e-04
-1.232800000000000042e-03
5.784600000000000852e-03
1.968999999999999830e-03
-4.314000000000000235e-04
-4.631399999999999927e-03
3.805400000000000015e-03
-2.843800000000000060e-03
-3.016600000000000358e-03
-4.186600000000000391e-03
-2.118000000000000254e-04
-1.162800000000000075e-03
-1.000000000000020284e-06
-8.922000000000001110e-04
-7.588000000000001211e-04
9.320000000000000214e-05
-2.351999999999999978e-04
7.085999999999999851e-04
-1.453800000000000101e-03
-1.008999999999999914e-03
-4.445999999999999648e-04
-5.760000000000000146e-04
-2.145000000000000205e-03
-3.505400000000000096e-03
7.033999999999999671e-04
-1.425200000000000165e-03
-9.615999999999999548e-04
-4.820000000000000066e-04
-9.506000000000002295e-04
-1.310200000000000297e-03
-6.776000000000002074e-04
-7.050000000000001144e-04
-4.442000000000000093e-04
6.876000000000000167e-04
-2.184000000000000177e-03
-3.864000000000000139e-04
-2.606000000000001002e-04
-7.632000000000001196e-04
-7.836000000000000734e-04
-2.449199999999999901e-03
2.600400000000000107e-03
2.259600000000000497e-03
-1.234400000000000081e-03
-2.905999999999999621e-04
-4.890000000000000683e-04
-8.716000000000001524e-04
3.100000000000000542e-04
-7.820000000000000345e-04
-1.000000000000000048e-04
-2.869800000000000042e-03
-1.557199999999999904e-03
-1.860800000000000128e-03
2.076600000000000060e-03
-1.016200000000000089e-03
-6.645999999999999998e-04
-7.716000000000001070e-04
-9.454000000000001031e-04
-2.378000000000000068e-04
-9.524000000000000564e-04
-3.282000000000001171e-04
1.106000000000000049e-04
-1.575600000000000351e-03
-5.238000000000000468e-04
-9.627999999999999840e-04
-1.109200000000000073e-03
-1.218200000000000012e-03
-8.451999999999999444e-04
-1.185000000000000072e-03
-3.258000000000000045e-04
-9.416000000000000108e-04
-2.481000000000000132e-03
-1.873600000000000005e-03
-4.296000000000000339e-04
-5.940000000000000726e-05
1.041599999999999948e-03
-1.960200000000000484e-03
-8.385999999999998924e-04
2.123200000000000000e-03
-5.039800000000001397e-03
-1.220399999999999957e-03
-2.823999999999999796e-04
4.000000000000002360e-06
-2.348600000000000167e-03
-2.086000000000000289e-04
-2.067600000000000167e-03
-4.073999999999999822e-04
-3.945999999999999963e-04
2.473200000000000485e-03
-8.153999999999999790e-04
-3.336000000000000315e-04
-2.660000000000000146e-04
-1.000000000000000082e-05
-1.034600000000000103e-03
-5.970000000000000914e-04
-1.177600000000000001e-03
-4.304000000000000534e-04
-1.028400000000000277e-03
