4.408800000000000479e-04
4.496800000000000450e-04
1.132560000000000120e-03
-5.995119999999999616e-03
4.386560000000000285e-03
8.760640000000000094e-03
4.296880000000000317e-03
3.789920000000000008e-03
2.680000000000000524e-03
-5.584000000000001289e-04
9.649040000000001088e-03
-8.430079999999999518e-03
-3.066640000000000251e-03
7.748880000000001392e-03
-4.427519999999999893e-03
-1.921520000000000346e-03
1.479520000000000227e-03
8.421600000000001090e-04
1.170960000000000186e-03
-1.341120000000000116e-03
-1.815360000000000021e-03
9.492000000000000871e-04
2.116000000000000205e-04
-1.432320000000000164e-03
-1.059200000000000159e-03
-7.898159999999999556e-03
2.244320000000000169e-03
5.580799999999999693e-04
9.055840000000000764e-03
4.763680000000000171e-03
-2.032640000000000054e-03
-2.808320000000000000e-03
3.432000000000000480e-04
4.913600000000000389e-04
-4.903999999999999803e-05
-1.710399999999999887e-04
1.744800000000000235e-04
-3.069039999999999876e-03
7.111039999999999896e-03
-9.493600000000001126e-04
3.929840000000000416e-03
6.708000000000000421e-04
1.441760000000000264e-03
7.642400000000000148e-04
2.308000000000000156e-03
-9.509600000000000431e-04
1.497920000000000241e-03
-1.604319999999999791e-03
1.057943999999999898e-02
1.748800000000000061e-04
4.096000000000002119e-05
-3.273600000000000208e-03
-8.599999999999998976e-05
4.407280000000000399e-03
-9.579200000000002340e-04
-6.691999999999998948e-04
-3.108799999999999671e-03
-2.503440000000000006e-03
-3.175120000000000026e-03
-7.832800000000001307e-04
3.834400000000000286e-04
-4.926480000000000442e-03
3.295360000000000216e-03
-2.081759999999999774e-03
1.243224000000000239e-02
1.224800000000000064e-04
1.185839999999999854e-03
-5.751680000000000334e-03
-3.155119999999999973e-03
-8.275999999999999503e-04
-2.289680000000000101e-03
-7.121040000000000356e-03
-6.201600000000000255e-04
-2.858240000000000173e-03
-8.948000000000000658e-04
-1.088240000000000041e-02
6.600400000000000190e-03
1.037128000000000182e-02
-6.040000000000000447e-04
5.743119999999999996e-03
3.220800000000000334e-04
-2.421040000000000171e-03
1.016400000000000203e-03
-8.252000000000001088e-04
-4.079200000000000382e-04
-3.112480000000000368e-03
-1.513360000000000052e-03
-8.663199999999999590e-04
2.781440000000000041e-03
1.854080000000000355e-03
3.139360000000000761e-03
6.209359999999999706e-03
3.918400000000000160e-04
-7.124000000000000775e-04
-1.084000000000000057e-04
-2.929919999999999920e-03
3.286319999999999693e-03
-8.239359999999999393e-03
-2.606400000000000253e-04
-7.826400000000000284e-04
