-4.600799999999999725e-04
8.562240000000000475e-03
-6.407440000000001225e-03
1.329431999999999836e-02
-7.831200000000001701e-03
-2.957920000000000167e-03
6.446160000000000258e-03
-1.212975999999999985e-02
4.919119999999999916e-03
-2.775600000000000463e-03
-1.323688000000000295e-02
3.501760000000000029e-03
5.820000000000000520e-03
-1.059424000000000129e-02
2.077279999999999925e-03
-2.392720000000000090e-03
7.112000000000000483e-04
2.711680000000000167e-03
-3.105919999999999861e-03
-5.800000000000000712e-05
-1.287328000000000257e-02
6.144479999999999907e-03
1.625520000000000307e-03
2.951200000000000069e-04
4.383039999999999506e-03
-2.449279999999999860e-03
-3.379040000000000689e-03
5.612000000000000885e-04
2.692000000000000382e-03
1.931199999999999941e-04
1.525279999999999952e-03
-1.644560000000000206e-03
-1.497279999999999922e-03
-5.977600000000000231e-04
1.092160000000000006e-03
-2.161600000000000067e-03
-9.554399999999999352e-03
1.506000000000000177e-03
-1.181920000000000019e-02
-2.250824000000000227e-02
9.304400000000000864e-03
-1.779199999999999770e-04
1.135879999999999876e-02
2.437200000000000043e-03
-2.635360000000000220e-03
3.856239999999999495e-03
8.810880000000000101e-03
-1.192544000000000069e-02
-1.376912000000000101e-02
-3.130720000000000031e-03
4.261119999999999318e-03
4.696399999999999880e-03
1.524184000000000129e-02
-8.348800000000000839e-04
2.016720000000000058e-03
6.252320000000000447e-03
1.030359999999999956e-02
7.488159999999998914e-03
3.193520000000000039e-03
1.728000000000000261e-04
9.790400000000002486e-04
6.165519999999998987e-03
2.558799999999999963e-03
-3.061680000000000217e-03
3.728959999999999914e-03
3.884320000000000134e-03
-7.008640000000000009e-03
-1.415119999999999963e-03
1.376640000000000155e-03
-8.318400000000000316e-04
4.756080000000000203e-03
2.065264000000000336e-02
3.650399999999999825e-03
5.869600000000000858e-03
-9.548239999999999505e-03
4.154640000000000243e-03
-1.560400000000000198e-03
1.219008000000000071e-02
-1.087976000000000047e-02
1.238320000000000219e-03
1.308280000000000380e-02
1.156399999999999919e-03
-9.581920000000000714e-03
2.955600000000000067e-03
5.266480000000000466e-03
-2.775759999999999946e-03
4.363200000000000780e-04
2.849600000000000635e-04
5.887200000000000419e-04
5.517039999999999965e-03
-2.780799999999999939e-04
-1.077920000000000223e-03
-1.146912000000000105e-02
3.758880000000000034e-03
-1.018728000000000168e-02
-8.058080000000000451e-03
-4.551359999999999954e-03
-8.936079999999999024e-03
1.860000000000000108e-03
-7.599999999999999063e-05
