2.131999999999999781e-04
2.709999999999999735e-04
-1.791999999999999106e-05
1.209200000000000010e-04
1.075600000000000069e-04
2.166399999999999858e-04
1.028000000000000051e-04
1.362800000000000166e-04
1.429600000000000001e-04
6.728000000000003346e-05
-6.599999999999994407e-06
2.595599999999999882e-04
1.694400000000000311e-04
1.017200000000000087e-04
1.980000000000000694e-05
5.072000000000002261e-05
1.354000000000000114e-04
6.600000000000019818e-06
1.912000000000000125e-04
1.780000000000001254e-05
6.779999999999999460e-05
1.430000000000000064e-04
3.207999999999999914e-04
4.367999999999999514e-05
2.242000000000000015e-04
1.066000000000000568e-04
1.541600000000000283e-04
1.373599999999999995e-04
1.499999999999999699e-05
1.164800000000000096e-04
8.040000000000011113e-06
2.124799999999999985e-04
2.208400000000000066e-04
1.070800000000000251e-04
8.607999999999998899e-05
7.472000000000002999e-05
1.964400000000000369e-04
2.100799999999999944e-04
5.592000000000001348e-05
2.741199999999999843e-04
1.096400000000000006e-04
1.728400000000000054e-04
1.139600000000000134e-04
1.914800000000000031e-04
1.778400000000000185e-04
1.278800000000000292e-04
1.335199999999999820e-04
-3.923999999999999700e-05
6.124000000000001675e-05
1.343999999999999668e-05
1.255599999999999837e-04
-5.755999999999999778e-05
7.752000000000001674e-05
2.932800000000000381e-04
1.102799999999999809e-04
8.299999999999999815e-05
1.676400000000000145e-04
1.202800000000000071e-04
1.867999999999999869e-04
1.640000000000000290e-04
1.567200000000000038e-04
2.630800000000000087e-04
1.252399999999999868e-04
1.872000000000000237e-04
1.300800000000000014e-04
7.019999999999999873e-05
1.853999999999999800e-04
2.400000000000000332e-04
1.943600000000000568e-04
5.360000000000000181e-05
1.358000000000000212e-04
1.491600000000000152e-04
1.083600000000000128e-04
1.902400000000000217e-04
2.669600000000000055e-04
1.889600000000000069e-04
1.476799999999999955e-04
2.164000000000000287e-05
2.479999999999999972e-05
6.388000000000000503e-05
1.848800000000000324e-04
8.964000000000000234e-05
2.552400000000000567e-04
3.166000000000000520e-04
-3.503999999999998300e-05
4.939999999999998104e-05
4.936000000000000852e-05
1.038399999999999951e-04
5.132000000000001009e-05
-9.456000000000000267e-05
7.459999999999999726e-05
3.908000000000001208e-05
1.464000000000000383e-05
1.352000000000000066e-04
1.349600000000000224e-04
4.971999999999998475e-05
1.536400000000000265e-04
1.766400000000000164e-04
2.403600000000000365e-04
-4.020000000000000813e-05
