-2.108800000000000138e-04
2.997839999999999880e-03
3.295200000000000733e-03
-1.214159999999999935e-03
1.032000000000000013e-04
5.047200000000000601e-04
-3.412319999999999503e-03
-3.301599999999999696e-04
-1.280000000000000620e-05
-4.718400000000000090e-04
1.503288000000000367e-02
2.856000000000000574e-04
2.491120000000000313e-03
-3.282960000000000132e-03
-1.272480000000000095e-03
-6.384639999999999586e-03
3.655840000000000478e-03
-4.210960000000000571e-03
-1.680399999999999863e-03
1.535199999999999803e-04
-1.053760000000000157e-03
-1.301119999999999794e-03
-1.280560000000000032e-03
-1.143520000000000083e-03
-2.887760000000000066e-03
-2.328320000000000042e-03
1.618079999999999822e-03
-8.959999999999990447e-06
-1.126080000000000006e-03
-4.006640000000000548e-03
-4.220000000000000660e-03
1.119360000000000233e-03
-1.139224000000000139e-02
-1.512000000000000093e-05
-2.944880000000000414e-03
1.307200000000000495e-04
3.418399999999999933e-04
-1.779039999999999745e-03
-8.254400000000000929e-04
-5.066000000000001058e-03
-1.514400000000000164e-03
2.693840000000000297e-03
-4.760799999999999819e-04
3.871200000000000747e-04
-2.345040000000000058e-03
2.256320000000000027e-03
-6.985599999999999796e-04
1.308399999999999928e-03
6.623279999999999619e-03
2.304000000000001996e-05
2.888960000000000312e-03
-6.249600000000001421e-04
5.730079999999999375e-03
-3.199999999999999178e-05
1.757840000000000097e-03
3.495999999999999976e-03
-2.387600000000000139e-03
1.607536000000000034e-02
6.011440000000000707e-03
1.930832000000000034e-02
-8.513760000000000425e-03
-2.730639999999999890e-03
-4.671999999999999938e-03
-6.559440000000000583e-03
1.093039999999999984e-03
1.670400000000000053e-03
6.119839999999999655e-03
2.134400000000000273e-03
-2.106080000000000192e-03
5.280959999999999474e-03
2.761519999999999947e-03
2.138400000000000370e-03
3.179519999999999916e-03
-5.328000000000000271e-03
3.143200000000000399e-04
2.303360000000000390e-03
1.214639999999999904e-03
-3.053200000000000271e-03
-7.095999999999999823e-05
-5.337520000000000979e-03
1.251439999999999931e-03
-3.143840000000000176e-03
-6.687600000000000142e-03
1.410824000000000106e-02
-3.655040000000000459e-03
7.555039999999999846e-03
1.210080000000000183e-02
-2.111440000000000018e-03
9.771919999999999912e-03
6.203199999999999426e-04
1.001832000000000070e-02
8.392000000000000967e-05
-5.313200000000000561e-03
-2.041999999999999978e-03
-4.729360000000000161e-03
4.139760000000000141e-03
-7.738800000000000540e-03
-2.922000000000000118e-03
-7.709600000000000047e-04
-1.168559999999999911e-03
