4.259899999999999798e-02
-3.068700000000000594e-02
-8.148999999999999994e-03
2.040260000000000684e-02
-2.444740000000000801e-02
2.457580000000000528e-02
3.829599999999999844e-03
-2.281079999999999913e-02
-8.394400000000001513e-03
6.378599999999999895e-03
6.258600000000000448e-03
-4.422599999999999622e-03
1.019999999999999856e-03
-6.805599999999999324e-03
1.150480000000000079e-02
7.377200000000000424e-03
-4.325600000000000278e-02
-1.880360000000000364e-02
3.888460000000000527e-02
8.118200000000002498e-03
-6.112240000000001422e-02
1.017880000000000174e-02
2.406720000000000734e-02
-3.711400000000000549e-03
-1.123120000000000195e-02
3.896100000000000951e-02
-3.885460000000000302e-02
7.168200000000001307e-03
-3.026440000000000727e-02
-2.630600000000000646e-02
-1.092560000000000059e-02
-4.429400000000000004e-03
1.098160000000000282e-02
6.846600000000000429e-03
4.504400000000000417e-03
3.885999999999999589e-04
1.159500000000000114e-02
2.519400000000000198e-03
1.342300000000000264e-02
9.914200000000001484e-03
9.130800000000001415e-03
-4.682400000000001491e-03
-2.147180000000000616e-02
2.974400000000000308e-03
3.288399999999999917e-03
2.807400000000000694e-03
-3.924000000000000513e-04
1.549420000000000311e-02
-1.506420000000000328e-02
1.192600000000000040e-03
3.476400000000000150e-03
-1.435180000000000310e-02
-2.862200000000000074e-03
-4.864000000000000268e-03
-1.181200000000000132e-02
1.990140000000000312e-02
1.046460000000000098e-02
-6.576600000000000154e-03
-2.255000000000000494e-03
-6.075999999999999804e-03
2.342000000000000548e-04
-1.105799999999999882e-03
-2.230000000000000536e-04
-3.272400000000000395e-03
-6.460000000000001169e-05
-1.772399999999999930e-03
-3.807699999999999974e-02
1.008600000000000121e-03
3.269400000000000431e-03
-2.366480000000000666e-02
-6.657200000000000270e-03
-7.205599999999999505e-03
-3.418399999999999824e-03
-1.778400000000000293e-03
-2.154600000000000438e-03
6.882599999999999135e-03
-2.713080000000001046e-02
-8.440000000000001321e-03
-3.213520000000000265e-02
9.022800000000000958e-03
8.688099999999999989e-02
-2.291480000000000600e-02
1.107320000000000179e-02
2.455080000000000803e-02
-1.880660000000000318e-02
-3.372700000000000697e-02
-4.896400000000000405e-03
-1.091980000000000034e-02
-2.192000000000000198e-02
-4.667920000000001096e-02
-3.453399999999999699e-03
-6.689720000000000388e-02
5.019199999999999703e-03
1.090200000000000153e-03
-1.175900000000000209e-02
3.161120000000000596e-02
1.601920000000000080e-02
-8.602600000000001912e-03
-2.752900000000000832e-02
1.501720000000000312e-02
