-8.884000000000000187e-04
-8.166000000000000082e-04
2.801999999999999803e-04
-1.224200000000000158e-03
-2.798000000000000248e-04
-5.494000000000000185e-04
-7.182000000000000016e-04
-1.072000000000000036e-03
-3.498000000000000458e-04
-8.999999999999999754e-04
-2.298000000000000021e-04
-6.382000000000000086e-04
-1.026000000000000002e-03
-3.963999999999999859e-04
4.275999999999999853e-04
-7.839999999999999747e-04
-7.893999999999999975e-04
-1.599600000000000067e-03
-6.060000000000000933e-04
-6.553999999999999930e-04
-6.643999999999999949e-04
-7.428000000000000574e-04
-1.076399999999999926e-03
-5.498000000000001367e-04
-4.227999999999999771e-04
-2.278000000000000348e-04
-4.448000000000000239e-04
-1.397600000000000361e-03
-4.198000000000000668e-04
-1.569599999999999988e-03
-7.212000000000000745e-04
-5.584000000000001289e-04
-6.999999999999999929e-04
-7.862000000000000282e-04
-6.666000000000000484e-04
-6.462000000000002031e-04
-9.022000000000000288e-04
-6.452000000000000703e-04
-7.202000000000000502e-04
-5.152000000000000546e-04
-1.478000000000000147e-03
-7.494000000000000010e-04
3.357999999999999765e-04
-3.178000000000000269e-04
-8.520000000000000013e-04
-2.528000000000000733e-04
-8.040000000000001356e-04
-5.485999999999999991e-04
-7.774000000000001395e-04
-1.063399999999999936e-03
-2.999999999999999737e-04
-3.989999999999999949e-04
-7.566000000000000676e-04
-5.228000000000000225e-04
-5.738000000000001780e-04
-7.800000000000000943e-04
-8.588000000000000581e-04
-5.743999999999999757e-04
-2.562000000000000475e-04
-1.892000000000000181e-04
-5.251999999999999724e-04
-9.400000000000000803e-04
-5.318000000000001328e-04
-2.421999999999999782e-04
-7.012000000000000221e-04
-1.776400000000000244e-03
-1.113600000000000180e-03
-6.192000000000000889e-04
-1.459199999999999907e-03
-5.255999999999999821e-04
-1.200600000000000018e-03
-4.206000000000000320e-04
-8.547999999999999609e-04
-7.994000000000000238e-04
-6.500000000000001870e-04
-6.874000000000000119e-04
-8.190000000000001749e-04
-5.756000000000000049e-04
-7.136000000000001066e-04
-6.526000000000000334e-04
-8.268000000000000392e-04
-1.560799999999999991e-03
-6.218000000000000436e-04
-4.644000000000000124e-04
-6.338000000000001185e-04
-5.292000000000000696e-04
-8.963999999999999963e-04
-1.241000000000000133e-03
-8.446000000000001466e-04
1.951999999999999959e-03
-4.132000000000000690e-04
-1.268400000000000040e-03
-7.625999999999999966e-04
3.306000000000000128e-04
-1.895599999999999889e-03
-4.244000000000000702e-04
-1.224000000000000261e-03
-5.702000000000000905e-04
-7.362000000000000054e-04
-3.594000000000000081e-04
