4.623280000000001312e-03
1.108239999999999920e-03
-1.328480000000000156e-03
-1.828160000000000115e-03
-2.998160000000000148e-03
1.316640000000000215e-03
2.081599999999999857e-04
2.503200000000000564e-04
-8.271199999999999820e-04
-2.073279999999999828e-03
-1.677040000000000301e-03
2.622400000000000100e-04
9.444000000000000788e-04
-3.014400000000000412e-04
-7.791200000000001163e-04
-1.171199999999999764e-04
-7.272000000000000848e-05
-3.349600000000000320e-04
-1.203040000000000272e-03
-6.079999999999985834e-06
-1.486000000000000125e-03
5.263200000000000430e-04
-1.977120000000000179e-03
2.055199999999999703e-04
8.725599999999999806e-04
-4.352800000000000202e-04
2.638160000000000071e-03
-1.740000000000000227e-03
-3.694720000000000296e-03
-1.419120000000000060e-03
2.055920000000000577e-03
4.192959999999999916e-03
5.636399999999999744e-03
-4.590320000000000164e-03
2.961760000000000347e-03
6.113279999999999582e-03
-2.584799999999999945e-03
6.110240000000000289e-03
5.939199999999999514e-04
-6.496000000000000905e-03
2.375760000000000198e-03
1.149600000000000242e-04
-1.022399999999999915e-03
3.153599999999999893e-04
2.033599999999999774e-04
-1.735680000000000079e-03
6.041600000000000702e-04
-1.442400000000000149e-04
-1.205760000000000165e-03
-1.762399999999999796e-04
-6.828000000000001169e-04
3.960800000000000431e-04
-1.767200000000000021e-03
2.281600000000000110e-04
-1.354959999999999888e-03
-8.179999999999999338e-04
-7.355200000000000323e-04
-2.713600000000000040e-04
-2.768000000000000061e-04
2.647199999999999727e-04
-6.508799999999999482e-04
1.560080000000000147e-03
-3.310880000000000420e-03
-4.912799999999999719e-04
-6.296000000000000164e-04
6.148800000000000489e-04
-2.974159999999999998e-03
-2.704800000000000260e-04
-1.859199999999999818e-04
-1.182719999999999735e-03
-2.000080000000000000e-03
-2.385600000000000199e-04
-1.229680000000000139e-03
-1.389999999999999960e-03
-2.970320000000000252e-03
1.516800000000000114e-04
3.380800000000000428e-04
4.572000000000001085e-04
-1.096640000000000071e-03
6.149680000000001118e-03
1.327200000000000168e-04
5.705439999999999991e-03
7.044800000000000584e-04
-8.035999999999999090e-04
1.405839999999999998e-03
-6.703200000000001171e-03
-7.122400000000000085e-03
5.684000000000001551e-04
5.779520000000000664e-03
-3.025600000000000034e-04
-5.019200000000001004e-04
-2.904799999999999700e-04
-1.213200000000000216e-03
1.475760000000000006e-03
1.235920000000000161e-03
4.176000000000000133e-04
1.619600000000000119e-03
1.007840000000000081e-03
-1.563360000000000184e-03
5.528800000000000598e-04
