-1.897600000000000263e-04
-1.697600000000000010e-04
-2.071200000000000092e-04
-1.417600000000000251e-04
-1.441600000000000292e-04
-1.903999999999999931e-04
-1.786400000000000108e-04
-8.928000000000001256e-05
-2.361600000000000157e-04
-1.437599999999999924e-04
-1.715999999999999969e-04
-1.080799999999999952e-04
-2.068000000000000122e-04
-1.109600000000000083e-04
-1.770399999999999990e-04
-2.431999999999998738e-05
-2.316800000000000315e-04
-1.501600000000000124e-04
-7.696000000000000855e-05
-1.125599999999999930e-04
-1.270400000000000305e-04
-7.704000000000000778e-05
-1.485600000000000278e-04
-8.951999999999999671e-05
-6.255999999999999734e-05
-2.704800000000000260e-04
-1.780000000000000169e-04
-1.214399999999999893e-04
-1.104000000000000136e-04
-2.036800000000000015e-04
-1.056799999999999911e-04
-1.282400000000000326e-04
-1.827200000000000124e-04
-1.182400000000000063e-04
-1.883199999999999859e-04
-1.636000000000000193e-04
-1.039199999999999944e-04
-1.673600000000000239e-04
-2.124000000000000128e-04
-2.071200000000000092e-04
-1.082400000000000072e-04
-7.160000000000001921e-05
-1.557599999999999859e-04
-1.415200000000000138e-04
-5.071999999999999550e-05
-1.431200000000000256e-04
-1.381599999999999918e-04
-1.529599999999999992e-04
-8.959999999999999595e-05
-1.686399999999999846e-04
-1.329600000000000009e-04
-1.024800000000000217e-04
-2.433600000000000281e-04
-8.328000000000001580e-05
-1.000000000000000048e-04
-1.072800000000000029e-04
-8.855999999999999235e-05
-1.530400000000000120e-04
-2.386400000000000055e-04
-9.544000000000000779e-05
-1.375199999999999979e-04
-1.674400000000000367e-04
-2.411999999999999810e-04
-1.732800000000000215e-04
-1.253600000000000330e-04
-9.647999999999999784e-05
-1.631999999999999825e-04
-1.525599999999999895e-04
-1.483200000000000165e-04
-2.053599999999999989e-04
-5.543999999999999775e-05
-1.599200000000000274e-04
-2.279200000000000269e-04
-6.039999999999999769e-05
-6.799999999999999946e-05
-1.265600000000000080e-04
-1.255200000000000044e-04
-1.497600000000000027e-04
-2.451999999999999970e-04
-1.286399999999999881e-04
-1.680800000000000035e-04
-1.646399999999999958e-04
-1.308799999999999937e-04
-6.271999999999999581e-05
-1.353600000000000051e-04
1.472000000000000306e-05
-2.723199999999999948e-04
-1.732800000000000215e-04
-2.787200000000000419e-04
-1.509599999999999777e-04
-2.082400000000000256e-04
-2.140800000000000103e-04
-1.416799999999999852e-04
-6.055999999999998938e-05
-1.934400000000000182e-04
-1.549599999999999936e-04
-1.409600000000000056e-04
-1.162400000000000119e-04
-9.136000000000001975e-05
-1.203200000000000000e-04
