-4.352159999999999883e-03
-2.712800000000000454e-04
3.461600000000000332e-04
6.996000000000000916e-04
-4.387279999999999479e-03
-4.405600000000000510e-04
1.894480000000000035e-03
3.183440000000000054e-03
2.901600000000000273e-04
-2.481200000000000679e-03
5.785440000000000201e-03
-2.608800000000000095e-04
1.572719999999999891e-03
-4.359200000000000141e-04
-1.029280000000000255e-03
5.086399999999999819e-04
1.506400000000000349e-04
2.648000000000001413e-05
-1.043520000000000255e-03
1.208960000000000243e-03
-4.320319999999999890e-03
-3.389679999999999950e-03
-2.219439999999999608e-03
-1.323920000000000131e-03
1.345200000000000172e-03
1.881520000000000024e-03
-7.456000000000000442e-05
8.493600000000000672e-04
5.527999999999999928e-04
-7.351999999999999811e-04
-6.479200000000000714e-04
7.863999999999999246e-05
2.283279999999999945e-03
3.889119999999999817e-03
-7.401440000000001317e-03
-5.509599999999999697e-04
-2.791760000000000335e-03
-2.216319999999999922e-03
3.098080000000000018e-03
3.058400000000000398e-04
-2.104560000000000111e-03
-5.117600000000001011e-04
1.727119999999999957e-03
-7.293600000000001861e-04
1.002080000000000028e-03
-5.631520000000000102e-03
-5.904239999999999836e-03
3.523440000000000079e-03
1.169680000000000199e-03
-5.125920000000000823e-03
-1.384639999999999916e-03
1.114720000000000251e-03
1.974320000000000328e-03
7.249600000000000792e-04
-1.085599999999999933e-03
-1.686080000000000174e-03
-1.392239999999999884e-03
-8.401600000000000604e-04
-5.413599999999999532e-04
5.592000000000000399e-04
-1.660640000000000120e-03
-2.919040000000000350e-03
-1.117839999999999936e-03
-1.387280000000000067e-03
-8.191200000000000044e-04
3.740480000000000020e-03
5.695200000000001173e-04
-5.221599999999999202e-04
3.631200000000000335e-04
3.627519999999999963e-03
6.067199999999999373e-04
-1.780000000000000169e-04
-1.673600000000000239e-04
3.853600000000000103e-04
-1.487280000000000112e-03
2.530400000000000032e-04
-1.690399999999999943e-04
-1.522240000000000008e-03
-3.918400000000000160e-04
7.626399999999999759e-04
9.122400000000000344e-04
2.097200000000000019e-03
8.570400000000001021e-04
-1.156960000000000280e-03
5.840000000000002090e-04
-5.725599999999999527e-04
-8.510400000000000647e-04
-3.071999999999999861e-04
1.607200000000000197e-04
1.550400000000000335e-04
4.372799999999999604e-04
-1.388879999999999889e-03
-3.739200000000000249e-04
-1.899279999999999935e-03
2.370479999999999896e-03
3.604400000000000225e-03
1.118360000000000187e-02
-6.895999999999999569e-04
-6.478639999999999920e-03
3.700800000000000617e-04
