-5.752960000000000539e-03
-3.250159999999999768e-03
-4.569360000000000609e-03
-3.707120000000000380e-03
3.945119999999999877e-03
6.712000000000000518e-04
-6.271999999999999581e-05
-1.011840000000000179e-03
-4.578880000000000450e-03
-1.358400000000000005e-04
-9.499439999999999620e-03
-2.241200000000000050e-03
-8.019999999999999785e-04
-3.164800000000000057e-04
-1.013039999999999991e-03
-4.784400000000000285e-03
-2.607999999999999967e-04
4.992879999999999888e-03
-2.484000000000000205e-04
1.212480000000000155e-03
2.054160000000000187e-03
-8.320320000000000840e-03
1.395760000000000230e-03
4.367119999999999509e-03
-3.793599999999999837e-03
1.818720000000000015e-03
-1.799200000000000148e-03
5.097600000000000525e-04
-1.411999999999999898e-04
1.560000000000001666e-05
1.211920000000000011e-03
2.044639999999999912e-03
1.872000000000000237e-04
1.709600000000000301e-04
-6.632800000000000328e-04
4.796800000000000152e-04
-5.898560000000000608e-03
-1.082032000000000133e-02
4.496160000000000781e-03
-9.369600000000000281e-04
-2.541599999999999654e-04
1.461600000000000236e-04
-1.199279999999999834e-03
-1.179279999999999998e-03
3.945119999999999010e-03
1.139840000000000037e-03
1.108800000000000063e-02
3.889280000000000168e-03
-7.427280000000000514e-03
-2.019360000000000425e-03
5.933520000000000287e-03
-7.539040000000000324e-03
9.013919999999999919e-03
2.481040000000000328e-03
2.724720000000000353e-03
-9.555200000000000672e-04
-5.949600000000000635e-04
-4.258400000000000726e-03
-4.380320000000000047e-03
-3.013120000000000642e-03
-3.435360000000000150e-03
-2.462399999999999463e-04
-3.099760000000000015e-03
5.453200000000000061e-03
5.256480000000000874e-03
-4.166480000000000183e-03
1.563040000000000132e-03
-9.895359999999998879e-03
9.360959999999999767e-03
5.840000000000001006e-05
1.134560000000000169e-03
-1.625384000000000204e-02
6.214319999999999740e-03
2.110200000000000270e-02
1.964520000000000155e-02
-1.780000000000000332e-03
-1.091600000000000079e-03
3.700880000000000142e-03
-4.724480000000000519e-03
8.618400000000001103e-04
1.321360000000000156e-03
4.520560000000000724e-03
1.003743999999999990e-02
-2.047999999999999907e-04
-1.743199999999999980e-04
2.288704000000000086e-02
-5.700800000000000442e-04
1.689096000000000000e-02
1.185143999999999954e-02
-6.295040000000000011e-03
3.435600000000000025e-03
-3.565840000000000242e-03
7.677200000000000343e-03
1.502736000000000176e-02
8.399440000000001072e-03
-1.273999999999999959e-03
1.819712000000000066e-02
-6.246559999999999092e-03
6.393600000000000585e-04
6.548080000000001261e-03
