4.705200000000000528e-03
-1.914500000000000229e-02
1.171400000000000175e-03
1.881020000000000261e-02
3.977800000000000953e-03
-7.638599999999999730e-03
-9.270600000000002103e-03
5.981199999999999885e-03
2.930180000000000978e-02
-4.867680000000001311e-02
-1.108920000000000045e-02
-1.842040000000000344e-02
-5.181680000000001007e-02
-5.041599999999999381e-03
1.225140000000000257e-02
-8.897999999999999660e-03
-1.755100000000000063e-02
-2.547600000000000125e-03
8.098000000000000597e-04
2.814200000000000208e-03
9.736000000000001597e-03
1.262960000000000124e-02
-4.906199999999999450e-03
-3.179599999999999874e-03
1.432840000000000155e-02
-1.097400000000000111e-03
-1.313420000000000386e-02
-1.384300000000000114e-02
-1.254580000000000278e-02
2.552380000000000967e-02
-5.626400000000001018e-03
2.735360000000000569e-02
-3.877499999999999697e-02
-8.655600000000001140e-03
5.263600000000000223e-03
1.086600000000000239e-02
-1.486520000000000202e-02
-9.954400000000000401e-03
-8.169400000000000273e-03
3.168520000000001058e-02
-2.816000000000000360e-03
-5.250260000000001731e-02
3.535920000000000729e-02
1.923400000000000457e-02
-1.369220000000000333e-02
6.437799999999999599e-03
2.769199999999999873e-03
-3.799620000000000775e-02
4.673200000000000617e-03
6.234000000000000825e-04
-6.594600000000000808e-03
1.318800000000000180e-03
1.725400000000000197e-03
1.394460000000000317e-02
4.651200000000001167e-03
7.352000000000000896e-04
1.185260000000000306e-02
-2.481960000000000763e-02
-3.537580000000000585e-02
-4.642920000000001074e-02
-8.162600000000000758e-03
3.103280000000000274e-02
3.048400000000000155e-03
-1.552420000000000189e-02
1.592160000000000103e-02
-1.624400000000000019e-03
-2.265120000000000675e-02
8.016000000000000555e-03
-5.555999999999999524e-04
1.935080000000000480e-02
1.769200000000000069e-03
-6.412000000000000815e-04
-1.123800000000000103e-03
-6.858400000000000607e-03
-1.410660000000000386e-02
3.061999999999999618e-04
-1.118740000000000186e-02
-3.945999999999999963e-04
-2.581400000000000187e-03
-6.353600000000000914e-03
-5.748600000000000411e-03
-4.311000000000000595e-03
-2.529940000000000661e-02
-1.367320000000000341e-02
-1.129220000000000224e-02
3.221800000000000358e-03
2.243400000000000429e-03
-2.353880000000000902e-02
7.223799999999999839e-03
2.802800000000000256e-03
-5.380600000000000140e-03
-2.869240000000000332e-02
3.037200000000000316e-03
1.014200000000000041e-03
-1.187679999999999986e-02
-1.141800000000000280e-02
-2.848399999999999630e-03
-2.799800000000000292e-03
-6.448000000000000606e-04
1.283880000000000264e-02
