-5.254000000000000857e-04
3.046000000000000313e-04
-7.802000000000000992e-04
-2.428000000000000037e-03
-8.455999999999999541e-04
-2.363000000000000083e-03
-8.852000000000000493e-04
1.173999999999999941e-04
-2.285800000000000592e-03
-6.496000000000000689e-04
-3.562000000000000387e-04
-2.227200000000000360e-03
4.225999999999999722e-04
-1.448599999999999974e-03
1.018200000000000138e-03
-7.347999999999999714e-04
-9.350000000000001756e-04
-1.027200000000000031e-03
-8.170000000000000179e-04
-5.132000000000001144e-04
-5.614000000000000934e-04
-6.220000000000000485e-04
-8.237999999999999663e-04
-1.057800000000000233e-03
-4.815999999999999968e-04
-2.236000000000000140e-04
-6.316000000000000650e-04
-8.111999999999999853e-04
4.776000000000000622e-04
-5.900000000000000296e-04
-1.408200000000000077e-03
-2.535000000000000361e-03
1.175400000000000056e-03
-2.338000000000000180e-04
-6.166000000000000257e-04
-1.219000000000000031e-03
-6.267999999999999483e-04
-2.642000000000000251e-04
-6.916000000000000055e-04
3.748000000000000572e-04
-9.625999999999999791e-04
-8.340000000000000787e-05
-1.322600000000000164e-03
4.034000000000000476e-04
-4.927999999999999438e-04
-5.538000000000000171e-04
-6.254000000000001312e-04
-4.416000000000000546e-04
-2.994000000000000676e-04
-2.370000000000000145e-04
2.320000000000000285e-04
-1.313600000000000054e-03
-1.043199999999999770e-03
-1.028200000000000164e-03
-8.765999999999999487e-04
-7.990000000000000140e-04
-9.098000000000001052e-04
-1.578200000000000089e-03
-2.970000000000000634e-04
-5.110000000000000609e-04
-9.724000000000000005e-04
-2.008000000000000561e-04
9.474000000000000433e-04
-1.638600000000000256e-03
-2.629000000000000260e-03
-9.076000000000000517e-04
-3.229400000000000326e-03
-9.372000000000001206e-04
-8.711999999999999258e-04
-8.781999999999999876e-04
-2.131800000000000101e-03
-8.426000000000002065e-04
-9.778000000000000233e-04
-1.540600000000000042e-03
-1.142800000000000022e-03
-1.820600000000000343e-03
-1.315200000000000093e-03
-2.974000000000000189e-04
3.901999999999999978e-04
-8.365999999999999522e-04
-3.954000000000000700e-04
-4.944000000000000911e-04
-8.804000000000000411e-04
-7.524000000000000739e-04
-5.650000000000000725e-04
-6.522000000000000236e-04
-6.760000000000000600e-04
-9.029999999999999399e-04
5.399999999999992344e-06
-1.581200000000000053e-03
-1.860000000000000149e-05
-6.774000000000000941e-04
-1.388000000000000128e-04
1.668000000000000157e-04
-6.802000000000000537e-04
-7.480000000000000754e-04
-1.570600000000000121e-03
-9.779999999999999197e-04
-8.670000000000000406e-04
-8.915999999999999880e-04
