-4.862399999999999253e-04
-1.275360000000000122e-03
-1.008720000000000059e-03
4.148000000000000537e-04
-2.068799999999999979e-04
7.520000000000001726e-04
-3.688000000000000739e-04
1.072000000000001256e-05
-4.889600000000000890e-04
4.183200000000000199e-04
-5.199199999999998874e-04
-1.213600000000000009e-03
1.507200000000000206e-03
-5.715999999999999076e-04
2.443439999999999848e-03
-1.803199999999999812e-04
-1.479999999999999925e-04
6.309599999999999627e-04
-3.714400000000000080e-04
-1.920000000000000049e-04
8.304000000000001810e-05
1.617200000000000061e-03
-7.697600000000000839e-04
-5.632000000000001642e-05
-1.116959999999999958e-03
-3.328079999999999754e-03
-4.408079999999999984e-03
-1.002159999999999987e-03
-9.268000000000000847e-04
-5.449599999999999323e-04
-9.332000000000000234e-04
-2.484800000000000333e-04
8.989600000000000802e-04
4.687200000000000524e-04
-5.405600000000000422e-04
-1.940800000000000121e-04
2.856000000000000574e-04
-4.848000000000000340e-05
1.717600000000000496e-04
6.499760000000000260e-03
4.120800000000001068e-04
-7.773600000000000518e-04
1.467279999999999843e-03
-1.104640000000000266e-03
-2.778400000000000639e-04
2.526399999999999935e-04
6.648800000000001801e-04
-1.439999999999998749e-05
-2.132000000000000052e-04
8.696000000000000767e-05
-5.904000000000000394e-05
-9.927999999999998458e-04
-6.409599999999999890e-04
4.958400000000001044e-04
2.527199999999999521e-04
-1.400800000000000005e-04
-1.783999999999999996e-03
-9.100800000000001770e-04
-4.031999999999999885e-04
-2.241439999999999926e-03
-6.374399999999999684e-04
1.275199999999999988e-04
-1.180400000000000069e-03
-2.745600000000000276e-04
-2.911200000000000181e-04
-1.515760000000000111e-03
-1.703200000000000091e-04
-1.070560000000000131e-03
2.487680000000000360e-03
-2.996799999999999768e-04
-1.015999999999999420e-05
1.036559999999999955e-03
-7.396000000000000881e-04
1.829600000000000237e-04
1.751760000000000209e-03
-1.502480000000000265e-03
-1.408720000000000024e-03
-1.055440000000000154e-03
-6.948000000000000833e-04
3.368000000000000957e-05
4.312800000000000314e-04
1.992079999999999806e-03
3.600000000000014237e-06
-4.424800000000000326e-04
-4.135999999999999703e-05
1.020639999999999959e-03
-5.146400000000000193e-04
-9.288000000000000520e-05
5.720000000000001478e-05
-3.150399999999999924e-04
-1.979360000000000321e-03
1.557439999999999996e-03
-5.000000000000000240e-05
-6.488800000000000080e-04
2.855840000000000548e-03
-4.495999999999999644e-05
6.669599999999999704e-04
3.224000000000000981e-05
-2.745600000000000276e-04
-7.433600000000000927e-04
