-3.217600000000000147e-03
9.304400000000000864e-03
-3.672800000000000370e-03
-5.880200000000000357e-03
-1.268320000000000211e-02
-6.719999999999999357e-05
-3.073340000000000447e-02
3.203199999999999797e-03
-1.688860000000000361e-02
4.423800000000000301e-03
5.535599999999999896e-03
3.413920000000000843e-02
1.700199999999999802e-03
-4.944600000000000384e-03
-7.521800000000000361e-03
3.024600000000000118e-03
-2.164800000000000144e-03
-4.742000000000000880e-04
-7.194000000000001609e-03
3.352320000000000300e-02
-9.974400000000001321e-03
-1.928000000000000547e-02
-3.697260000000000130e-02
6.765799999999999766e-03
-2.823620000000000643e-02
2.945000000000000395e-02
8.333999999999999828e-04
-7.594360000000001387e-02
1.122260000000000271e-02
-1.516640000000000522e-02
-2.727760000000000601e-02
-7.738400000000001180e-03
-1.891779999999999851e-02
-1.105199999999999976e-03
-2.452199999999999866e-03
-2.457200000000000096e-03
1.189700000000000132e-02
5.341020000000001183e-02
-8.881800000000000458e-03
3.552240000000000258e-02
-3.910440000000000443e-02
-8.732800000000000631e-03
-6.464000000000000128e-03
3.448200000000000570e-02
3.979599999999998937e-03
3.379600000000000833e-03
1.409440000000000172e-02
3.633200000000000925e-03
-5.690399999999999972e-03
-6.989999999999999686e-04
-4.258400000000000726e-03
1.299999999999999940e-03
4.736400000000000853e-03
-9.635400000000000562e-03
-1.135999999999999966e-04
-4.865600000000000307e-03
-2.758000000000000360e-04
8.218200000000000158e-03
6.422399999999999984e-03
3.866000000000000187e-04
-1.643800000000000166e-03
-2.010399999999999861e-03
6.648799999999999849e-03
-7.655200000000000893e-03
1.365160000000000158e-02
1.983060000000000378e-02
-1.062440000000000086e-02
1.178920000000000141e-02
-1.456160000000000093e-02
1.278940000000000111e-02
4.060520000000001489e-02
-2.086600000000000260e-02
4.815999999999999968e-03
1.038940000000000176e-02
-5.074399999999999744e-03
-2.589200000000000269e-03
-2.019880000000000286e-02
-2.291080000000000547e-02
2.876120000000000759e-02
-1.437300000000000209e-02
-1.002340000000000175e-02
5.151920000000001498e-02
-2.382000000000000003e-03
-9.772000000000001171e-04
-2.704300000000000800e-02
-2.674000000000000161e-03
5.100600000000000273e-03
2.951280000000000917e-02
1.185020000000000344e-02
5.039999999999999992e-04
-7.299800000000000386e-03
8.396000000000001335e-04
7.030780000000000363e-02
-2.744060000000000596e-02
-3.454000000000000473e-03
-5.598999999999999810e-03
9.412200000000000774e-03
4.586240000000000455e-02
1.701480000000000353e-02
5.985620000000002605e-02
