6.227020000000002553e-02
3.486200000000000063e-03
-2.436260000000000508e-02
-7.710999999999999972e-03
2.480600000000000339e-03
2.941480000000000830e-02
-5.592000000000000616e-03
-8.589999999999999546e-04
1.345960000000000385e-02
6.877399999999999659e-03
-3.111780000000000102e-02
7.817400000000000390e-03
-1.367540000000000248e-02
-7.627580000000000471e-02
6.232200000000000240e-03
-5.541000000000000786e-03
1.605040000000000286e-02
-8.639200000000003127e-03
5.694620000000002319e-02
5.746000000000000890e-04
-1.407820000000000078e-02
1.645700000000000635e-02
-6.228400000000000256e-03
-1.161640000000000242e-02
-1.098260000000000208e-02
-8.553999999999999755e-04
-3.382620000000000071e-02
1.723799999999999985e-02
2.191200000000000352e-03
3.651600000000000505e-03
4.870040000000000480e-02
-8.876400000000001303e-03
-1.386000000000000079e-03
3.108120000000000674e-02
2.598300000000000956e-02
3.209760000000000391e-02
-2.870860000000000772e-02
1.044160000000000227e-02
-1.695200000000000222e-03
1.119880000000000181e-02
-1.018660000000000225e-02
-2.874660000000000756e-02
-4.292799999999999394e-03
-2.757040000000000532e-02
1.503860000000000266e-02
-1.109920000000000177e-02
1.598839999999999983e-02
2.776199999999999935e-03
-6.436000000000000314e-04
-2.982000000000000384e-04
1.718000000000000343e-03
-2.640620000000000814e-02
1.085800000000000307e-02
7.247800000000001290e-03
1.440980000000000212e-02
-3.634220000000001199e-02
-1.366200000000000053e-02
-1.022980000000000243e-02
1.714640000000000261e-02
6.057600000000000658e-03
3.821999999999999877e-03
5.973799999999999596e-03
9.794800000000002810e-03
-1.113060000000000264e-02
-1.174600000000000297e-02
1.038300000000000334e-02
2.545200000000000067e-03
1.027400000000000145e-03
1.598600000000000151e-03
1.469000000000000037e-03
7.930200000000000096e-03
-4.453800000000000814e-03
-7.187600000000000586e-03
-2.609000000000000208e-03
-3.628000000000000365e-04
-4.249200000000000720e-03
2.679799999999999977e-03
-1.274800000000000239e-02
-1.375440000000000169e-02
2.460040000000000490e-02
1.150100000000000254e-02
1.163060000000000309e-02
1.645760000000000278e-02
-1.165780000000000288e-02
4.165600000000000205e-03
1.156580000000000281e-02
-4.760600000000000248e-03
-5.358600000000001556e-03
-1.237200000000000149e-03
4.159999999999998118e-05
-7.894799999999998694e-03
2.436540000000000580e-02
-3.104800000000000008e-03
-1.713800000000000132e-03
-2.049800000000000580e-02
6.312000000000000553e-04
-7.041400000000001477e-03
1.893200000000000265e-03
3.445399999999999938e-03
-5.279000000000000706e-03
