-3.283000000000000328e-03
-1.017460000000000066e-02
-8.045999999999999333e-04
-1.059460000000000089e-02
-1.139560000000000226e-02
-2.855580000000000618e-02
-1.622000000000000178e-02
-7.033200000000000736e-03
-8.675800000000000872e-03
-1.018520000000000016e-02
2.662000000000000477e-02
6.933799999999999512e-03
-6.557400000000001422e-03
-9.318800000000002082e-03
-1.558600000000000046e-03
-1.909200000000000220e-03
-9.736000000000000296e-04
4.849000000000000012e-03
-2.783840000000000620e-02
-7.933600000000000721e-03
-4.679200000000000546e-03
-3.988600000000000478e-02
-7.651120000000000143e-02
-1.743140000000000314e-02
-9.099600000000001090e-03
8.836400000000001198e-03
6.147200000000001101e-03
3.183600000000000405e-03
-1.329460000000000190e-02
-1.921400000000000191e-03
-6.163800000000000529e-03
-4.621860000000000551e-02
8.693799999999999792e-03
2.715460000000000443e-02
-1.372499999999999935e-02
1.157228000000000284e-01
-4.875200000000000540e-03
-1.839819999999999997e-02
-5.308800000000000671e-03
-5.056000000000001465e-04
3.199000000000000021e-03
4.949600000000000180e-03
-4.046400000000000344e-03
-2.681900000000000603e-02
1.049120000000000087e-02
-3.763320000000000554e-02
1.763800000000000263e-03
-5.516599999999999976e-03
1.450600000000000023e-03
-1.659700000000000411e-02
-2.937440000000000884e-02
-1.976600000000000665e-03
-9.592600000000001473e-03
2.516000000000000875e-02
-1.376800000000000289e-03
-2.684600000000000528e-03
8.146999999999999728e-03
1.473320000000000185e-02
1.345780000000000240e-02
3.522400000000000184e-03
-4.750100000000000849e-02
-3.713700000000000334e-02
1.176720000000000196e-02
-9.281200000000001601e-03
-1.778640000000000429e-02
-7.429600000000000613e-03
-1.788440000000000515e-02
1.179400000000000153e-03
-7.320000000000000389e-05
1.781799999999999834e-03
1.073160000000000260e-02
-7.939000000000001611e-03
1.961999999999999985e-04
1.391940000000000191e-02
-2.960600000000000297e-03
-1.262000000000000101e-03
-7.425600000000000082e-03
7.658000000000000744e-04
2.181000000000000213e-03
4.705999999999999463e-04
-7.332200000000000523e-03
-8.080000000000000376e-03
6.996999999999999748e-03
-2.546160000000000437e-02
-3.491380000000000178e-02
-2.272400000000000461e-02
-2.928200000000000160e-03
1.044420000000000417e-02
1.396860000000000289e-02
-1.553200000000000023e-03
-2.720140000000000752e-02
3.045500000000000637e-02
-6.310120000000002394e-02
5.928200000000000656e-03
-1.245540000000000189e-02
6.800800000000000942e-03
-4.222859999999999808e-02
-4.205600000000000310e-03
1.328080000000000233e-02
-3.269599999999999677e-03
